x,y,id
1150.0,4000.0,1
1050.0,2750.0,2
1350.0,2350.0,5
1150.0,2250.0,3
1250.0,2050.0,4
1050.0,1550.0,6
3350.0,1700.0,7
3550.0,1600.0,9
3450.0,1450.0,8
3950.0,1700.0,10
4150.0,1500.0,14
4250.0,1650.0,13
4400.0,1700.0,16
4600.0,1850.0,17
4850.0,1900.0,22
4900.0,2050.0,23
5000.0,2150.0,24
5100.0,2050.0,25
5250.0,2250.0,31
5400.0,2300.0,30
5600.0,2250.0,29
5400.0,2050.0,26
5750.0,2000.0,27
5900.0,2050.0,28
6150.0,2300.0,332
6300.0,2300.0,333
6450.0,2300.0,334
6450.0,2800.0,328
6450.0,2950.0,327
6300.0,2800.0,329
6150.0,2800.0,330
6000.0,2800.0,331
5850.0,3050.0,314
6000.0,3200.0,315
6000.0,3300.0,316
6148.0,3206.0,325
6254.0,3206.0,324
6148.0,3099.0,326
6148.0,3450.0,319
6148.0,3556.0,318
6100.0,3650.0,317
6254.0,3557.0,320
6450.0,3650.0,322
6450.0,3750.0,321
6450.0,3450.0,323
6850.0,3800.0,294
6950.0,3900.0,293
6850.0,4050.0,295
6950.0,4150.0,296
7350.0,4150.0,289
7350.0,4050.0,290
7350.0,3900.0,291
7350.0,3800.0,292
8100.0,4250.0,402
8100.0,4650.0,403
8000.0,5200.0,404
7350.0,4900.0,287
7350.0,4750.0,288
7100.0,5100.0,286
7100.0,5500.0,285
6800.0,5500.0,284
6700.0,5300.0,299
6600.0,5200.0,300
6700.0,5050.0,298
6650.0,4900.0,297
6450.0,4950.0,991
6250.0,5000.0,305
6100.0,4800.0,306
6000.0,4450.0,307
6100.0,4400.0,308
6100.0,4150.0,309
6000.0,3950.0,310
6000.0,3800.0,311
5850.0,3750.0,312
5600.0,3750.0,45
5450.0,3750.0,44
5350.0,3750.0,43
5200.0,3650.0,42
5100.0,3600.0,41
4950.0,3500.0,50
4950.0,3300.0,40
5050.0,3100.0,39
5200.0,3150.0,38
5400.0,2950.0,37
5450.0,2750.0,36
5250.0,2750.0,35
5050.0,2800.0,34
5000.0,2550.0,33
5000.0,2350.0,32
4700.0,2500.0,62
4550.0,2500.0,64
4600.0,2350.0,63
4550.0,2800.0,65
4700.0,2800.0,61
4700.0,3000.0,60
4500.0,2950.0,59
4500.0,3150.0,58
4300.0,3300.0,57
4150.0,3300.0,55
4100.0,3150.0,56
4100.0,2950.0,67
4300.0,2800.0,66
3700.0,2800.0,68
3550.0,2800.0,69
3400.0,2700.0,70
3400.0,3200.0,71
3550.0,3300.0,73
3700.0,3100.0,72
4100.0,3500.0,54
4450.0,3500.0,53
4400.0,3700.0,52
4700.0,3500.0,51
5050.0,3800.0,49
5350.0,4150.0,48
5450.0,4250.0,47
5600.0,4250.0,46
5750.0,3450.0,313
4700.0,4350.0,84
4500.0,4400.0,83
4200.0,4550.0,82
4100.0,4750.0,78
3950.0,4650.0,79
3950.0,4250.0,80
4200.0,4150.0,81
4350.0,4750.0,88
4350.0,4900.0,89
4500.0,4950.0,87
4500.0,4800.0,86
4700.0,4750.0,85
4247.0,5150.0,90
4247.0,5256.0,92
4354.0,5256.0,91
4304.0,5447.0,98
4305.0,5554.0,97
4199.0,5554.0,96
4000.0,5550.0,95
4100.0,5350.0,94
4100.0,5250.0,93
4000.0,5050.0,77
4500.0,5450.0,99
4250.0,5950.0,133
4100.0,5850.0,134
3950.0,5950.0,135
3800.0,5950.0,136
3800.0,6350.0,138
3950.0,6350.0,137
4250.0,6350.0,132
4500.0,6550.0,130
4650.0,6400.0,129
4800.0,6500.0,128
5050.0,6550.0,127
5150.0,6550.0,125
5300.0,6450.0,124
5400.0,6550.0,123
5550.0,6650.0,122
6000.0,6600.0,120
6000.0,7000.0,121
5900.0,7350.0,257
5650.0,7450.0,256
5550.0,7650.0,255
5550.0,7900.0,254
5650.0,8150.0,253
6000.0,8450.0,249
6000.0,8600.0,250
6150.0,8600.0,247
6150.0,8500.0,248
6400.0,8350.0,260
6450.0,8600.0,261
6500.0,8700.0,262
6699.0,8750.0,266
6699.0,8856.0,265
6805.0,8749.0,267
6750.0,8600.0,268
6750.0,8500.0,269
6900.0,8350.0,271
6600.0,8000.0,270
7200.0,8000.0,272
7350.0,7650.0,273
7000.0,7350.0,274
7100.0,6750.0,275
7100.0,6600.0,276
6800.0,6000.0,277
6604.0,5950.0,280
6603.0,6057.0,278
6498.0,6057.0,279
6700.0,5800.0,281
6600.0,5700.0,282
6550.0,5500.0,283
6250.0,5500.0,301
6106.0,5606.0,302
5999.0,5607.0,303
5998.0,5500.0,304
5800.0,5500.0,113
5800.0,5350.0,111
5650.0,5350.0,110
5650.0,5500.0,112
5750.0,5700.0,114
5750.0,5850.0,115
5700.0,6000.0,116
5700.0,6150.0,117
5550.0,6150.0,119
5550.0,6000.0,118
5400.0,6050.0,106
5300.0,6050.0,105
5150.0,6150.0,104
5050.0,6050.0,103
4800.0,6100.0,102
4650.0,6000.0,101
4500.0,6050.0,100
5050.0,5750.0,994
5150.0,5500.0,107
5250.0,5350.0,108
5300.0,5150.0,109
5150.0,7000.0,126
4650.0,7450.0,147
4450.0,7450.0,146
4550.0,7650.0,148
4400.0,7750.0,144
4250.0,7800.0,143
4550.0,7900.0,149
4650.0,8150.0,150
4400.0,8250.0,151
4250.0,8250.0,152
3900.0,7850.0,142
4250.0,7300.0,145
4250.0,6700.0,131
3250.0,7000.0,139
3300.0,7450.0,140
3300.0,7550.0,141
4550.0,8750.0,153
4550.0,8950.0,154
4250.0,9250.0,155
4300.0,9450.0,156
4200.0,9450.0,164
4050.0,9700.0,163
4200.0,9850.0,162
4300.0,9950.0,158
4300.0,10150.0,159
4100.0,10150.0,160
3900.0,10150.0,161
3750.0,10500.0,172
3450.0,10450.0,171
3300.0,10650.0,170
3600.0,11100.0,173
3750.0,11200.0,174
3900.0,11150.0,179
4100.0,11150.0,180
4300.0,11150.0,181
4600.0,11100.0,182
4600.0,10850.0,183
4550.0,10550.0,184
4500.0,10250.0,185
4500.0,9750.0,157
4050.0,9200.0,165
3900.0,9250.0,166
3750.0,9500.0,167
3450.0,9450.0,168
3300.0,9350.0,169
5050.0,8450.0,995
5550.0,8750.0,252
5550.0,8950.0,251
6150.0,9200.0,243
6250.0,8950.0,244
6250.0,8850.0,245
6350.0,8850.0,246
6500.0,9000.0,263
6600.0,9000.0,264
6700.0,9150.0,231
6800.0,9350.0,232
6950.0,9250.0,230
7000.0,9000.0,228
6900.0,9000.0,229
7300.0,9000.0,227
7300.0,9150.0,226
7300.0,9350.0,225
7300.0,9650.0,224
7100.0,9750.0,223
7000.0,9800.0,222
7000.0,10050.0,220
6850.0,10200.0,219
6700.0,10300.0,218
6900.0,10450.0,217
7000.0,10500.0,212
7050.0,10400.0,216
7100.0,10250.0,215
7200.0,10200.0,214
7200.0,10500.0,213
6950.0,10650.0,211
6650.0,11050.0,209
6500.0,11150.0,208
6550.0,11350.0,207
6350.0,11350.0,206
6450.0,11550.0,205
6050.0,11550.0,204
5950.0,11650.0,203
5950.0,11150.0,201
6050.0,11050.0,198
6150.0,11050.0,199
6200.0,11150.0,200
5950.0,10850.0,197
5950.0,10550.0,194
6150.0,10400.0,193
6200.0,10300.0,192
6100.0,10250.0,189
5950.0,10250.0,188
6100.0,10050.0,239
6200.0,9950.0,238
6100.0,9800.0,240
5950.0,9750.0,241
6000.0,9600.0,242
5600.0,9750.0,186
5600.0,10250.0,187
5650.0,10550.0,195
5600.0,10850.0,196
5600.0,11100.0,202
5050.0,11650.0,996
3900.0,11550.0,177
3900.0,11400.0,178
3750.0,11400.0,175
3600.0,11600.0,176
6250.0,10200.0,190
6400.0,10300.0,191
6400.0,10050.0,237
6500.0,10050.0,236
6600.0,9800.0,235
6700.0,9800.0,234
6700.0,9650.0,233
6800.0,9950.0,221
6950.0,11250.0,210
8050.0,10650.0,498
8200.0,10450.0,499
8500.0,10500.0,500
8650.0,10150.0,489
8850.0,10150.0,488
9050.0,10150.0,487
9050.0,9950.0,486
8950.0,9850.0,490
8800.0,9700.0,491
8950.0,9450.0,492
9050.0,9450.0,484
9000.0,9250.0,483
8800.0,9200.0,493
8650.0,9250.0,494
8500.0,9500.0,495
8200.0,9450.0,496
8050.0,9350.0,497
9250.0,9750.0,485
9250.0,10250.0,513
9300.0,10550.0,512
9350.0,10850.0,511
9350.0,11100.0,510
9050.0,11150.0,509
8850.0,11150.0,508
8650.0,11150.0,507
8500.0,11200.0,502
8350.0,11100.0,501
8500.0,11400.0,503
8650.0,11400.0,506
8650.0,11550.0,505
8350.0,11600.0,504
9800.0,11650.0,999
10350.0,11100.0,530
10350.0,10850.0,524
10400.0,10550.0,523
10700.0,10550.0,522
10900.0,10400.0,521
10950.0,10300.0,520
10850.0,10250.0,517
10700.0,10250.0,516
10850.0,10050.0,567
10950.0,9950.0,566
10850.0,9800.0,568
10700.0,9750.0,569
10750.0,9600.0,570
10350.0,9750.0,514
10350.0,10250.0,515
11000.0,10200.0,518
11150.0,10300.0,519
11150.0,10050.0,565
11250.0,10050.0,564
11350.0,9800.0,563
11450.0,9800.0,562
11450.0,9650.0,561
11550.0,9950.0,549
11750.0,10050.0,548
11600.0,10200.0,547
11450.0,10300.0,546
11650.0,10450.0,545
11750.0,10500.0,540
11800.0,10400.0,544
11850.0,10250.0,543
11950.0,10200.0,542
11950.0,10500.0,541
11700.0,10650.0,539
11400.0,11050.0,537
11250.0,11150.0,536
11300.0,11350.0,535
11100.0,11350.0,534
11200.0,11550.0,533
10800.0,11550.0,532
10700.0,11650.0,531
10700.0,11150.0,529
10800.0,11050.0,526
10900.0,11050.0,527
10950.0,11150.0,528
10700.0,10850.0,525
11700.0,11250.0,538
12800.0,10650.0,826
12950.0,10450.0,827
13250.0,10500.0,828
13400.0,10150.0,817
13600.0,10150.0,816
13800.0,10150.0,815
13800.0,9950.0,814
13700.0,9850.0,818
13550.0,9700.0,819
13700.0,9450.0,820
13800.0,9450.0,812
13750.0,9250.0,811
13550.0,9200.0,821
13400.0,9250.0,822
13250.0,9500.0,823
12950.0,9450.0,824
12800.0,9350.0,825
12050.0,9350.0,553
12050.0,9150.0,554
12050.0,9000.0,555
11750.0,9000.0,556
11650.0,9000.0,557
11449.0,8856.0,593
11449.0,8750.0,594
11555.0,8749.0,595
11500.0,8600.0,596
11500.0,8500.0,597
11650.0,8350.0,599
11350.0,8000.0,598
11150.0,8350.0,588
11200.0,8600.0,589
11250.0,8700.0,590
11100.0,8850.0,574
11000.0,8850.0,573
11000.0,8950.0,572
11250.0,9000.0,591
11350.0,9000.0,592
11450.0,9150.0,559
11550.0,9350.0,560
11700.0,9250.0,558
11850.0,9750.0,551
11750.0,9800.0,550
12050.0,9650.0,552
10900.0,9200.0,571
10900.0,8600.0,575
10900.0,8500.0,576
10750.0,8450.0,577
10750.0,8600.0,578
10300.0,8750.0,580
10300.0,8950.0,579
9800.0,8450.0,998
9400.0,8150.0,478
9300.0,7900.0,477
9150.0,7750.0,472
9000.0,7800.0,471
9300.0,7650.0,476
9200.0,7450.0,474
9400.0,7450.0,475
9000.0,7300.0,473
9000.0,6700.0,459
9250.0,6550.0,458
9400.0,6400.0,457
9550.0,6500.0,456
9800.0,6550.0,455
9900.0,6550.0,453
10050.0,6450.0,452
10150.0,6550.0,451
10300.0,6650.0,450
10750.0,6600.0,448
10750.0,7000.0,449
10650.0,7350.0,585
10400.0,7450.0,584
10300.0,7650.0,583
10300.0,7900.0,582
10400.0,8150.0,581
10750.0,7850.0,587
10700.0,7650.0,586
9900.0,7000.0,454
9900.0,6150.0,432
9800.0,6050.0,431
10050.0,6050.0,433
10150.0,6050.0,434
10300.0,6000.0,446
10450.0,6000.0,444
10450.0,6150.0,445
10300.0,6150.0,447
10500.0,5850.0,443
10500.0,5700.0,442
10550.0,5500.0,441
10550.0,5350.0,439
10400.0,5350.0,438
10400.0,5500.0,440
10748.0,5500.0,632
10749.0,5607.0,631
10856.0,5606.0,630
11000.0,5500.0,629
11300.0,5500.0,611
11350.0,5700.0,610
11450.0,5800.0,609
11354.0,5950.0,608
11353.0,6057.0,606
11248.0,6057.0,607
11550.0,6000.0,605
11550.0,5500.0,612
11450.0,5300.0,627
11350.0,5200.0,628
11450.0,5050.0,626
11400.0,4900.0,625
11200.0,4950.0,992
11000.0,5000.0,633
10850.0,4800.0,634
10750.0,4450.0,635
10850.0,4400.0,636
10850.0,4150.0,637
10750.0,3950.0,638
10750.0,3800.0,639
10600.0,3750.0,640
10350.0,3750.0,373
10200.0,3750.0,372
10100.0,3750.0,371
9950.0,3650.0,370
9850.0,3600.0,369
9700.0,3500.0,378
9700.0,3300.0,368
9800.0,3100.0,367
9950.0,3150.0,366
10150.0,2950.0,365
10200.0,2750.0,364
10000.0,2750.0,363
9800.0,2800.0,362
9750.0,2550.0,361
9750.0,2350.0,360
9750.0,2150.0,352
9650.0,2050.0,351
9600.0,1900.0,350
9700.0,1700.0,349
9650.0,1550.0,346
9850.0,1550.0,347
10100.0,1450.0,348
10150.0,2050.0,354
10150.0,2300.0,358
10000.0,2250.0,359
9850.0,2050.0,353
9350.0,1850.0,345
9150.0,1700.0,344
9000.0,1650.0,341
8900.0,1500.0,342
8700.0,1700.0,338
8800.0,2000.0,339
8800.0,2150.0,340
9350.0,2350.0,391
9300.0,2500.0,392
9450.0,2500.0,390
9450.0,2800.0,389
9300.0,2800.0,393
9250.0,2950.0,387
9250.0,3150.0,386
9050.0,3300.0,385
8900.0,3300.0,383
8850.0,3150.0,384
8850.0,2950.0,395
9050.0,2800.0,394
9450.0,3000.0,388
9450.0,3500.0,379
9200.0,3500.0,381
9150.0,3700.0,380
8850.0,3500.0,382
8450.0,3100.0,400
8300.0,3300.0,401
8150.0,3200.0,399
8300.0,2800.0,397
8450.0,2800.0,396
8150.0,2700.0,398
8100.0,1700.0,335
8300.0,1600.0,337
8200.0,1450.0,336
9200.0,1450.0,343
10350.0,2250.0,357
10500.0,2000.0,355
10650.0,2050.0,356
10900.0,2300.0,660
11050.0,2300.0,661
11200.0,2300.0,662
11200.0,2800.0,656
11200.0,2950.0,655
11050.0,2800.0,657
10900.0,2800.0,658
10750.0,2800.0,659
10600.0,3050.0,642
10750.0,3200.0,643
10750.0,3300.0,644
10898.0,3206.0,653
11004.0,3206.0,652
10898.0,3099.0,654
10898.0,3450.0,647
10898.0,3556.0,646
10850.0,3650.0,645
11004.0,3557.0,648
11200.0,3650.0,650
11200.0,3750.0,649
11200.0,3450.0,651
11600.0,3800.0,622
11700.0,3900.0,621
11600.0,4050.0,623
11700.0,4150.0,624
12100.0,4150.0,617
12100.0,4050.0,618
12100.0,3900.0,619
12100.0,3800.0,620
12850.0,4250.0,730
12850.0,4650.0,731
12750.0,5200.0,732
12100.0,4900.0,615
12100.0,4750.0,616
11850.0,5100.0,614
11850.0,5500.0,613
11850.0,6600.0,604
11850.0,6750.0,603
11750.0,7350.0,602
12100.0,7650.0,601
11950.0,8000.0,600
12800.0,7550.0,797
12800.0,7450.0,796
12750.0,7000.0,795
13300.0,6350.0,794
13450.0,6350.0,793
13750.0,6350.0,788
14000.0,6550.0,786
14150.0,6400.0,785
14300.0,6500.0,784
14550.0,6550.0,783
14650.0,6550.0,781
14800.0,6450.0,780
14900.0,6550.0,779
15050.0,6650.0,778
15500.0,6600.0,776
15500.0,7000.0,777
15400.0,7350.0,913
15150.0,7450.0,912
15050.0,7650.0,911
15050.0,7900.0,910
15150.0,8150.0,909
15500.0,8450.0,905
15500.0,8600.0,906
15650.0,8600.0,903
15650.0,8500.0,904
15900.0,8350.0,916
15950.0,8600.0,917
16000.0,8700.0,918
16199.0,8750.0,922
16199.0,8856.0,921
16305.0,8749.0,923
16250.0,8600.0,924
16250.0,8500.0,925
16400.0,8350.0,927
16100.0,8000.0,926
16700.0,8000.0,928
16850.0,7650.0,929
16500.0,7350.0,930
16600.0,6750.0,931
16600.0,6600.0,932
16300.0,6000.0,933
16104.0,5950.0,936
16103.0,6057.0,934
15998.0,6057.0,935
16200.0,5800.0,937
16100.0,5700.0,938
16050.0,5500.0,939
16300.0,5500.0,940
16200.0,5300.0,955
16100.0,5200.0,956
16200.0,5050.0,954
16150.0,4900.0,953
15950.0,4950.0,993
15750.0,5000.0,961
15600.0,4800.0,962
15500.0,4450.0,963
15600.0,4400.0,964
15600.0,4150.0,965
15500.0,3950.0,966
15500.0,3800.0,967
15350.0,3750.0,968
15100.0,3750.0,701
14950.0,3750.0,700
14850.0,3750.0,699
14700.0,3650.0,698
14600.0,3600.0,697
14450.0,3500.0,706
14450.0,3300.0,696
14550.0,3100.0,695
14700.0,3150.0,694
14900.0,2950.0,693
14950.0,2750.0,692
14750.0,2750.0,691
14550.0,2800.0,690
14500.0,2550.0,689
14500.0,2350.0,688
14500.0,2150.0,680
14400.0,2050.0,679
14350.0,1900.0,678
14450.0,1700.0,677
14400.0,1550.0,674
14600.0,1550.0,675
14850.0,1450.0,676
14900.0,2050.0,682
14900.0,2300.0,686
14750.0,2250.0,687
14600.0,2050.0,681
14100.0,1850.0,673
13900.0,1700.0,672
13750.0,1650.0,669
13650.0,1500.0,670
13450.0,1700.0,666
13550.0,2000.0,667
13550.0,2150.0,668
14100.0,2350.0,719
14050.0,2500.0,720
14200.0,2500.0,718
14200.0,2800.0,717
14050.0,2800.0,721
14000.0,2950.0,715
14000.0,3150.0,714
13800.0,3300.0,713
13650.0,3300.0,711
13600.0,3150.0,712
13600.0,2950.0,723
13800.0,2800.0,722
14200.0,3000.0,716
14200.0,3500.0,707
13950.0,3500.0,709
13900.0,3700.0,708
13600.0,3500.0,710
13200.0,3100.0,728
13050.0,3300.0,729
12900.0,3200.0,727
13050.0,2800.0,725
13200.0,2800.0,724
12900.0,2700.0,726
12850.0,1700.0,663
13050.0,1600.0,665
12950.0,1450.0,664
13950.0,1450.0,671
15100.0,2250.0,685
15250.0,2000.0,683
15400.0,2050.0,684
15650.0,2300.0,988
15800.0,2300.0,989
15950.0,2300.0,990
15950.0,2800.0,984
15950.0,2950.0,983
15800.0,2800.0,985
15650.0,2800.0,986
15500.0,2800.0,987
15350.0,3050.0,970
15500.0,3200.0,971
15500.0,3300.0,972
15648.0,3206.0,981
15754.0,3206.0,980
15648.0,3099.0,982
15648.0,3450.0,975
15648.0,3556.0,974
15600.0,3650.0,973
15754.0,3557.0,976
15950.0,3650.0,978
15950.0,3750.0,977
15950.0,3450.0,979
16350.0,3800.0,950
16450.0,3900.0,949
16350.0,4050.0,951
16450.0,4150.0,952
16850.0,4150.0,945
16850.0,4050.0,946
16850.0,3900.0,947
16850.0,3800.0,948
16850.0,4750.0,944
16850.0,4900.0,943
16600.0,5100.0,942
16600.0,5500.0,941
15750.0,5500.0,957
15606.0,5606.0,958
15499.0,5607.0,959
15498.0,5500.0,960
15300.0,5500.0,769
15300.0,5350.0,767
15150.0,5350.0,766
15150.0,5500.0,768
15250.0,5700.0,770
15250.0,5850.0,771
15200.0,6000.0,772
15200.0,6150.0,773
15050.0,6150.0,775
15050.0,6000.0,774
14900.0,6050.0,762
14800.0,6050.0,761
14650.0,6150.0,760
14550.0,6050.0,759
14300.0,6100.0,758
14150.0,6000.0,757
14000.0,6050.0,756
13750.0,5950.0,789
13600.0,5850.0,790
13450.0,5950.0,791
13300.0,5950.0,792
13500.0,5550.0,751
13699.0,5554.0,752
13805.0,5554.0,753
13804.0,5447.0,754
14000.0,5450.0,755
13854.0,5256.0,747
13747.0,5256.0,748
13747.0,5150.0,746
13600.0,5250.0,749
13600.0,5350.0,750
13500.0,5050.0,733
13600.0,4750.0,734
13450.0,4650.0,735
13700.0,4550.0,738
13850.0,4750.0,744
13850.0,4900.0,745
14000.0,4950.0,743
14000.0,4800.0,742
14200.0,4750.0,741
14200.0,4350.0,740
14000.0,4400.0,739
13700.0,4150.0,737
13450.0,4250.0,736
14550.0,3800.0,705
14850.0,4150.0,704
14950.0,4250.0,703
15100.0,4250.0,702
15250.0,3450.0,969
14800.0,5150.0,765
14750.0,5350.0,764
14650.0,5500.0,763
14550.0,5750.0,1000
13750.0,6700.0,787
13750.0,7300.0,801
13950.0,7450.0,802
14150.0,7450.0,803
14050.0,7650.0,804
13900.0,7750.0,800
13750.0,7800.0,799
14050.0,7900.0,805
14150.0,8150.0,806
13900.0,8250.0,807
13750.0,8250.0,808
13400.0,7850.0,798
14050.0,8750.0,809
14050.0,8950.0,810
14550.0,8450.0,1001
15050.0,8750.0,908
15050.0,8950.0,907
15650.0,9200.0,899
15750.0,8950.0,900
15750.0,8850.0,901
15850.0,8850.0,902
16000.0,9000.0,919
16100.0,9000.0,920
16200.0,9150.0,887
16300.0,9350.0,888
16450.0,9250.0,886
16500.0,9000.0,884
16400.0,9000.0,885
16800.0,9000.0,883
16800.0,9150.0,882
16800.0,9350.0,881
16800.0,9650.0,880
16600.0,9750.0,879
16500.0,9800.0,878
16500.0,10050.0,876
16350.0,10200.0,875
16200.0,10300.0,874
16400.0,10450.0,873
16500.0,10500.0,868
16550.0,10400.0,872
16600.0,10250.0,871
16700.0,10200.0,870
16700.0,10500.0,869
16450.0,10650.0,867
16150.0,11050.0,865
16000.0,11150.0,864
16050.0,11350.0,863
15850.0,11350.0,862
15950.0,11550.0,861
15550.0,11550.0,860
15450.0,11650.0,859
15450.0,11150.0,857
15550.0,11050.0,854
15650.0,11050.0,855
15700.0,11150.0,856
15450.0,10850.0,853
15450.0,10550.0,850
15650.0,10400.0,849
15700.0,10300.0,848
15600.0,10250.0,845
15450.0,10250.0,844
15600.0,10050.0,895
15700.0,9950.0,894
15600.0,9800.0,896
15450.0,9750.0,897
15500.0,9600.0,898
15100.0,9750.0,842
15100.0,10250.0,843
15150.0,10550.0,851
15100.0,10850.0,852
15100.0,11100.0,858
14550.0,11650.0,1002
14100.0,11100.0,838
14100.0,10850.0,839
14050.0,10550.0,840
14000.0,10250.0,841
14000.0,9750.0,813
13800.0,11150.0,837
13600.0,11150.0,836
13400.0,11150.0,835
13250.0,11200.0,830
13100.0,11100.0,829
13250.0,11400.0,831
13400.0,11400.0,834
13400.0,11550.0,833
13100.0,11600.0,832
15750.0,10200.0,846
15900.0,10300.0,847
15900.0,10050.0,893
16000.0,10050.0,892
16100.0,9800.0,891
16200.0,9800.0,890
16200.0,9650.0,889
16300.0,9950.0,877
16450.0,11250.0,866
15500.0,7850.0,915
15450.0,7650.0,914
14650.0,7000.0,782
10000.0,5350.0,436
9900.0,5500.0,435
9800.0,5750.0,997
9550.0,6100.0,430
9400.0,6000.0,429
9250.0,6050.0,428
9000.0,5950.0,461
8850.0,5850.0,462
8700.0,5950.0,463
8550.0,5950.0,464
8550.0,6350.0,466
8700.0,6350.0,465
9000.0,6350.0,460
8949.0,5554.0,424
9055.0,5554.0,425
9054.0,5447.0,426
9250.0,5450.0,427
9104.0,5256.0,419
8997.0,5256.0,420
8997.0,5150.0,418
8850.0,5250.0,421
8850.0,5350.0,422
8750.0,5550.0,423
8750.0,5050.0,405
8850.0,4750.0,406
8700.0,4650.0,407
8950.0,4550.0,410
9100.0,4750.0,416
9100.0,4900.0,417
9250.0,4950.0,415
9250.0,4800.0,414
9450.0,4750.0,413
9450.0,4350.0,412
9250.0,4400.0,411
8950.0,4150.0,409
8700.0,4250.0,408
9800.0,3800.0,377
10100.0,4150.0,376
10200.0,4250.0,375
10350.0,4250.0,374
10500.0,3450.0,641
10050.0,5150.0,437
8000.0,7000.0,467
8050.0,7450.0,468
8050.0,7550.0,469
8650.0,7850.0,470
9000.0,8250.0,480
9150.0,8250.0,479
9300.0,8750.0,481
9300.0,8950.0,482
6000.0,7850.0,259
5950.0,7650.0,258
3250.0,5200.0,76
3350.0,4650.0,75
3350.0,4250.0,74
4050.0,2150.0,12
4050.0,2000.0,11
4450.0,1450.0,15
4900.0,1550.0,18
4950.0,1700.0,21
5100.0,1550.0,19
5350.0,1450.0,20
1150.0,4000.0,1
