3000
1 4095.03 619.5
2 -775.41 2485.84
3 -2637.32 84.79
4 -3609.5 -2456.32
5 3958.28 3744.83
6 1503.46 430.02
7 4796.73 1234.06
8 2767.0 2237.2
9 2295.64 -2318.06
10 -2688.12 -1873.88
11 799.84 4648.2
12 1908.33 -2965.79
13 -4502.16 4340.44
14 -738.29 172.42
15 -1730.65 1439.65
16 1196.22 -2542.59
17 1856.23 2871.79
18 941.81 4071.33
19 3207.13 -477.66
20 1565.34 -33.62
21 -4503.87 -2992.46
22 -657.43 -2456.16
23 -2276.76 -478.83
24 -785.36 -4932.19
25 -4512.58 1442.69
26 2837.86 -4184.27
27 3704.68 -425.73
28 1487.97 1813.64
29 4612.19 -3419.72
30 -3183.76 3100.83
31 790.95 1953.05
32 -632.25 1376.65
33 2872.97 1827.22
34 -780.51 3242.26
35 -4344.92 -1.61
36 -1865.56 -2530.51
37 -3183.54 -1172.55
38 -1476.97 3453.01
39 4477.04 -1569.94
40 945.49 -4766.5
41 1767.65 3172.6
42 1435.88 2305.64
43 3548.1 129.62
44 4790.6 -4363.92
45 197.13 -3050.01
46 2669.14 -2533.39
47 2459.33 -3230.89
48 83.99 3534.61
49 -1996.26 528.3
50 1676.3 4892.45
51 -4405.97 2623.86
52 -682.73 -4921.4
53 -2917.31 1614.52
54 4845.36 -4740.31
55 -2654.88 -2554.3
56 -1284.68 550.79
57 -2555.03 -996.59
58 4397.14 1630.72
59 594.15 -2365.93
60 -1340.71 2937.31
61 18.82 838.65
62 2275.27 -431.48
63 1087.34 3639.97
64 -2379.55 153.67
65 -1036.48 1616.93
66 -1519.74 3977.65
67 -3841.91 -3913.28
68 2634.97 -1178.12
69 -1239.46 -1001.03
70 -1815.97 1765.35
71 2250.57 -1555.01
72 -2732.1 1714.38
73 -1458.54 3619.8
74 -2668.81 1244.68
75 1848.26 2568.72
76 2.74 1732.56
77 -725.69 -1399.15
78 -1215.13 -1000.57
79 -4632.62 -1547.67
80 3374.68 3132.72
81 2302.59 1465.8
82 -112.42 -4213.24
83 -232.12 252.66
84 3269.18 -2908.89
85 -1680.56 4106.74
86 -3874.76 -3760.17
87 4015.81 1797.22
88 -3615.55 -404.57
89 3283.11 4027.41
90 3089.78 4353.07
91 662.71 -4679.23
92 -4286.19 4758.86
93 3989.82 3267.55
94 610.95 -180.01
95 -2566.47 -968.11
96 -3686.14 -43.12
97 -4475.51 -3717.14
98 -2324.7 -4287.91
99 2605.32 -1404.28
100 622.95 -1231.5
101 -2828.03 -2544.24
102 4512.48 -1022.09
103 4913.83 -1133.33
104 1926.16 3458.13
105 1117.14 4973.78
106 -3747.62 3689.92
107 -4465.08 4642.75
108 1994.93 -4973.35
109 -1821.62 269.74
110 2130.18 2591.97
111 3175.73 366.92
112 -2379.41 70.86
113 1623.46 -4948.13
114 -3150.45 3550.92
115 -92.39 3181.81
116 -2879.89 2583.93
117 4657.13 -457.82
118 -2703.16 3724.55
119 3931.24 565.87
120 -4206.64 -2310.86
121 -3041.66 2386.49
122 1982.39 -2821.38
123 1042.46 -1820.59
124 459.24 3767.84
125 -114.31 -1671.64
126 4686.7 2662.37
127 -1874.1 2254.12
128 -4495.98 2070.29
129 3815.65 38.72
130 -4520.22 -4709.65
131 -2098.93 -1133.17
132 -520.99 -3415.07
133 -4131.52 2642.45
134 2363.97 182.03
135 4964.38 4266.22
136 4214.15 -4386.17
137 2478.58 524.64
138 -1701.04 -2272.82
139 2249.82 -4741.91
140 4530.95 4923.94
141 -1069.08 -3944.84
142 1037.86 2819.26
143 -4555.58 1501.92
144 -210.99 -4002.02
145 2360.9 -3610.52
146 -1884.32 -2166.34
147 275.08 -2009.42
148 4190.65 264.52
149 637.84 -2955.97
150 -4488.27 2776.04
151 1004.25 -2566.04
152 -1970.21 -2639.49
153 -3839.54 811.55
154 -4942.79 1439.99
155 4420.83 1311.0
156 3375.16 -4240.46
157 -1759.95 -59.78
158 -3941.31 1635.58
159 2615.75 1115.55
160 -3543.0 1252.2
161 -3364.23 4939.68
162 -4222.3 4222.52
163 -79.89 2757.56
164 4505.3 -1583.81
165 -2340.85 3774.06
166 -2067.65 -4191.9
167 785.14 4635.11
168 122.82 3062.18
169 4432.48 -2576.85
170 846.82 2846.21
171 -2285.46 98.46
172 2061.71 -3244.51
173 -1264.97 -2874.57
174 4211.07 1292.4
175 3160.24 478.27
176 1318.84 -2665.63
177 -4664.86 -103.0
178 4400.73 -3156.32
179 -4459.11 4469.34
180 3221.57 -4527.39
181 -1663.71 272.2
182 -735.68 -265.36
183 2564.99 4631.46
184 -430.51 402.45
185 -4274.06 3173.45
186 -4144.86 -1551.48
187 3445.81 -727.34
188 -608.72 -2573.34
189 3045.97 -1885.04
190 -3456.75 -4461.63
191 2186.02 368.96
192 -4091.19 -3374.81
193 -819.29 1964.44
194 3754.91 2626.67
195 -156.78 1485.17
196 -3611.02 1523.57
197 -2986.47 3825.01
198 -3858.26 -2940.46
199 -3042.73 2923.11
200 4709.12 1557.18
201 -1067.27 2356.63
202 -470.84 -1735.41
203 -205.35 3456.85
204 -4912.57 634.26
205 3471.13 2755.31
206 -1473.64 -2105.57
207 4640.79 4475.15
208 4574.01 -3627.97
209 2195.14 -4403.35
210 -1933.02 -91.61
211 -2639.73 -2429.49
212 -101.73 -3066.88
213 -3357.91 -3780.16
214 -307.48 915.9
215 -4905.98 3399.39
216 2739.7 -2186.72
217 -2276.6 4314.69
218 -4404.87 3330.07
219 801.81 -1138.67
220 3621.77 -3770.43
221 2454.68 2651.16
222 980.96 -4250.23
223 -1106.84 -4240.99
224 253.24 2079.13
225 -4680.76 -1692.83
226 517.09 -3945.87
227 1290.06 2807.26
228 -403.65 3595.64
229 2164.36 -170.79
230 3425.73 -1103.62
231 4840.33 605.75
232 -316.58 -1871.14
233 614.19 2869.71
234 1675.9 4355.72
235 2832.51 -1000.79
236 -2252.9 3140.91
237 3289.51 -915.93
238 2004.73 -2838.69
239 1266.55 3.81
240 3153.62 1381.78
241 3951.02 -4865.35
242 -771.92 -4941.06
243 4823.41 -1608.04
244 4830.86 3642.05
245 -643.31 1877.04
246 4077.26 1872.46
247 -4725.23 2901.75
248 -1609.1 611.33
249 -2792.85 4956.78
250 686.76 2398.68
251 -4955.91 771.95
252 1868.53 428.38
253 -4822.42 -4721.39
254 2944.86 4568.17
255 1392.46 -3216.45
256 4047.83 4724.69
257 -1852.25 2386.12
258 3556.91 2220.67
259 1791.5 830.46
260 1344.77 931.98
261 -1004.92 1453.47
262 1639.95 2680.02
263 1292.65 -2351.45
264 -4456.5 4552.25
265 -809.59 4897.26
266 -3339.49 2533.97
267 415.62 -1676.95
268 -520.39 -3814.47
269 -4095.53 1244.24
270 130.42 -1525.53
271 1723.27 4572.67
272 -1272.13 4220.98
273 -3391.99 4244.68
274 -2141.39 932.8
275 3694.59 918.41
276 -3783.69 -3457.69
277 -2345.93 -3822.78
278 1333.81 -3852.55
279 -2297.21 3784.76
280 1482.25 1012.88
281 -3631.07 4424.39
282 1170.04 561.67
283 -3228.25 28.27
284 -2833.64 -355.89
285 -3408.8 2174.36
286 23.45 -1573.02
287 2972.92 -2723.83
288 3898.18 1997.0
289 -2390.25 1448.26
290 -2323.73 1950.68
291 3793.18 4902.21
292 3868.38 2217.83
293 900.95 465.58
294 4777.65 -2277.15
295 2924.71 -374.61
296 1220.45 4082.51
297 -366.03 -1169.48
298 4020.43 -1400.66
299 -3548.86 -2830.64
300 795.74 -4923.14
301 3417.42 1164.93
302 -4557.58 -217.95
303 -2198.9 3706.7
304 -1074.92 3528.06
305 -4777.36 -1018.89
306 -4637.93 3983.36
307 4416.37 -903.26
308 603.29 -4842.07
309 3580.42 -3791.75
310 3956.59 -823.77
311 3047.08 -1427.16
312 362.32 2415.48
313 -493.93 4367.06
314 -1033.92 4023.13
315 -695.09 1549.1
316 -4811.15 -3254.73
317 -1374.05 -449.13
318 3736.66 -2545.68
319 -699.01 -2002.54
320 4909.92 3880.52
321 300.48 4312.86
322 -2629.76 2442.2
323 -4918.28 -4320.33
324 -4396.88 -1305.02
325 1580.22 4351.57
326 4081.6 -3613.83
327 -263.46 -3169.95
328 3879.82 -3623.08
329 3954.64 2408.46
330 858.52 478.75
331 4025.54 -3617.25
332 -3601.7 -1194.65
333 -2348.19 2504.06
334 -19.69 -1033.66
335 -3143.26 -3737.55
336 769.3 -2316.78
337 -984.16 2936.63
338 -2872.28 -902.49
339 -2495.94 -413.06
340 1378.03 -387.89
341 -61.48 -3902.79
342 -430.86 3171.0
343 3583.82 301.96
344 1124.65 2932.95
345 2941.73 -796.17
346 -2534.07 4444.81
347 2985.6 -2494.17
348 241.6 1785.89
349 -4343.26 3029.36
350 -672.47 1196.74
351 -1252.83 -3802.85
352 -3587.53 4009.74
353 4397.58 129.24
354 -155.42 4709.18
355 4129.5 -1161.17
356 -4782.01 -4572.21
357 -3831.37 3334.14
358 1840.95 -134.91
359 -4329.16 -3013.83
360 -4631.62 -267.64
361 -956.28 -226.96
362 2768.56 -2729.4
363 96.62 2384.3
364 4478.19 3981.77
365 -1366.87 796.36
366 -3833.27 4405.7
367 1483.32 -2082.08
368 1717.62 -1216.04
369 -4515.8 3005.57
370 1699.43 -2606.15
371 1498.82 4857.44
372 -1908.86 1933.59
373 3323.72 1796.35
374 2008.39 506.45
375 -2488.33 -1051.44
376 -4634.35 -3739.65
377 -1747.45 2224.33
378 -4894.02 -33.92
379 1436.39 290.52
380 -2371.98 -1118.31
381 -4160.19 4995.03
382 1018.06 2787.63
383 -2750.53 -1665.46
384 -3580.97 -526.24
385 3924.18 2416.17
386 -1058.87 4535.13
387 1132.54 4715.33
388 4530.02 4159.17
389 1750.57 4580.23
390 3419.17 1534.56
391 -4782.58 -2901.04
392 3983.67 -2558.05
393 4068.88 -622.11
394 -3656.82 2414.19
395 -1166.31 -2447.53
396 -3290.2 -2316.14
397 760.27 1502.75
398 -1088.69 -2517.96
399 -3108.08 -378.36
400 970.92 3171.55
401 4923.08 -2752.82
402 3329.57 -4759.48
403 2911.16 2327.66
404 -4061.33 728.94
405 2799.1 4192.61
406 -444.63 -1170.03
407 -615.78 -1778.97
408 1276.0 696.36
409 1388.91 -3974.04
410 4546.03 3944.51
411 4915.29 602.04
412 -1708.75 -42.69
413 2298.73 952.49
414 -4595.01 -2326.78
415 2301.85 4025.88
416 3140.91 -1632.55
417 209.01 -4640.8
418 -321.7 4764.34
419 -181.76 1984.31
420 -2890.62 -1436.68
421 -4716.12 -499.83
422 2843.76 836.62
423 305.23 -3280.75
424 4662.57 2852.66
425 4566.53 -809.26
426 -3559.64 -1063.5
427 -1522.19 4504.4
428 -748.58 -4413.14
429 -4366.0 -820.62
430 -4939.67 -3698.97
431 2475.14 2019.0
432 3150.66 274.33
433 4477.62 -4027.7
434 -4141.48 -681.1
435 -2278.54 3268.86
436 -1357.31 -1362.75
437 274.25 -1246.93
438 3693.15 -1523.59
439 -1893.82 -364.31
440 2599.4 -4545.03
441 -413.96 -398.97
442 1246.45 -1522.9
443 2894.32 3652.08
444 -4783.58 -1384.37
445 127.56 -4010.25
446 989.78 386.26
447 -2809.11 3155.94
448 3947.26 -1746.22
449 -2412.16 -1341.22
450 -3815.09 581.64
451 2432.6 -432.92
452 -3973.17 1991.36
453 3341.76 -4122.77
454 822.77 2745.51
455 -3568.12 1569.75
456 -1025.11 -2592.07
457 -3430.23 3185.6
458 -2681.36 -743.14
459 -3325.41 586.04
460 1732.18 -3319.87
461 -3503.26 3251.35
462 1522.19 1118.05
463 -449.63 38.75
464 -1392.26 -19.47
465 -379.71 -4690.13
466 2816.54 -3709.74
467 3500.29 3097.74
468 1434.83 -4492.88
469 -3544.23 4349.23
470 1209.73 406.87
471 -367.3 3032.19
472 -4264.35 -334.3
473 1746.85 -1747.87
474 -4467.99 1118.25
475 -36.79 -2297.1
476 3223.29 -1561.84
477 2383.04 2469.67
478 -94.79 -4064.02
479 4463.06 1350.58
480 -1655.11 783.41
481 -3181.7 823.51
482 -3131.05 1522.91
483 3141.15 -3041.77
484 3109.16 2882.2
485 -3164.98 3495.94
486 4836.68 -3149.11
487 1127.88 -3243.74
488 -106.11 -2451.12
489 -1444.61 530.79
490 2665.32 -3164.29
491 -2045.47 1048.07
492 -4757.98 -2016.36
493 2831.53 4389.34
494 1582.47 -3552.28
495 4244.05 -1899.33
496 1699.58 -2087.69
497 4430.64 -3601.89
498 -3427.27 3371.23
499 3690.08 -2990.97
500 -3982.82 -333.51
501 2500.14 4848.98
502 1696.88 4519.15
503 1393.38 -2319.94
504 -2818.75 -2132.89
505 -2645.69 119.23
506 3320.81 2093.47
507 -2849.64 2029.21
508 4203.14 3078.22
509 925.04 -4669.19
510 -2054.01 923.27
511 -215.85 2512.4
512 -3608.02 -2301.27
513 4351.84 2257.31
514 -2780.87 707.08
515 -2439.7 1891.23
516 4166.09 3237.93
517 -1909.51 -1708.67
518 2810.35 4820.67
519 2568.68 -65.05
520 -1745.17 767.42
521 4323.32 2559.0
522 1097.36 3131.51
523 -1793.65 860.4
524 2978.22 349.77
525 335.6 981.37
526 -4988.57 572.31
527 -1239.41 1305.6
528 -274.12 1862.19
529 597.87 -2531.45
530 -3750.6 -3185.59
531 4354.34 -4703.97
532 4570.07 1909.31
533 -867.93 -2628.31
534 -3177.4 1012.64
535 3108.32 -3972.06
536 4896.84 -2386.14
537 1080.58 834.22
538 -4156.4 -4487.98
539 4621.41 2198.56
540 4908.94 -2993.29
541 -917.92 -4862.82
542 556.84 1926.69
543 565.55 -3077.9
544 4347.8 120.96
545 597.32 1239.94
546 -3838.3 3866.96
547 1589.56 3075.51
548 1061.0 -2365.27
549 -2768.05 2502.1
550 -2109.5 4415.74
551 -4234.39 1819.96
552 -2660.56 -3359.28
553 -3916.56 4385.2
554 -1997.29 -1984.72
555 1832.28 446.76
556 1972.06 3248.05
557 -4932.87 4816.33
558 2639.39 -2052.47
559 -4266.82 -4047.03
560 4284.75 -1084.18
561 2622.69 3627.85
562 559.86 -3959.99
563 1533.79 3183.36
564 1213.74 -4948.27
565 -304.56 -2327.99
566 1693.5 -2633.72
567 -2796.97 157.8
568 2328.28 -571.27
569 3980.93 1225.7
570 375.14 -321.75
571 385.81 1911.04
572 -2717.26 1050.44
573 -2106.25 3454.63
574 855.26 -3167.61
575 -4495.41 4341.93
576 -3148.1 -2328.02
577 -4045.11 -4827.23
578 4294.63 2698.83
579 4843.86 3884.56
580 -3209.56 3562.48
581 3654.45 3172.57
582 2290.27 -4199.77
583 198.67 3642.17
584 -2792.03 -91.39
585 -3052.12 1413.31
586 4833.79 2078.12
587 572.68 -4537.55
588 -1381.4 2239.5
589 -4409.39 -4948.79
590 -842.13 1427.53
591 -3380.84 4110.56
592 4249.15 -450.61
593 1107.59 -1976.62
594 3304.09 1156.42
595 -3857.52 3631.17
596 -4408.81 2096.02
597 -2211.94 -440.02
598 -679.09 -326.95
599 -1957.13 -678.52
600 -4947.56 278.82
601 -1969.56 -696.37
602 3280.39 -32.45
603 1120.49 2389.25
604 2354.65 1800.87
605 -4445.24 4815.96
606 -4371.69 3295.13
607 -1974.57 3181.65
608 2033.32 -3098.4
609 -1217.49 221.71
610 4553.0 3545.45
611 515.83 -1461.52
612 -244.92 2844.18
613 -2895.73 613.22
614 -2593.59 4448.91
615 4961.06 2713.64
616 2180.71 -1241.95
617 -2120.4 -3130.25
618 2340.63 2878.08
619 3009.78 402.91
620 -2630.89 3854.68
621 -1231.92 4686.71
622 9.14 1174.31
623 -4483.45 -3099.51
624 1857.47 -2499.94
625 -3766.76 -1659.42
626 -1308.33 -1799.12
627 2300.06 2243.22
628 2807.75 1740.96
629 4228.97 -2944.2
630 476.37 4984.84
631 -3899.92 651.4
632 -1148.41 -2114.92
633 4411.94 -3084.27
634 -1448.74 -4316.18
635 1447.42 -305.9
636 3132.86 334.4
637 231.85 1018.88
638 1076.65 1275.75
639 -360.32 -109.85
640 -363.01 4322.05
641 2091.32 3625.02
642 -2821.96 -147.9
643 3131.46 3958.63
644 1190.68 4007.05
645 -2814.83 2053.44
646 -936.55 -2991.41
647 2362.73 4670.73
648 1396.8 3486.22
649 1760.48 3819.08
650 -2735.17 3276.78
651 -2702.27 2324.83
652 1369.29 4011.1
653 -4593.33 3615.85
654 -2918.64 4102.71
655 3365.85 2978.74
656 -4218.9 -3533.66
657 2357.37 4526.04
658 4524.36 2402.34
659 -4465.89 4352.42
660 1369.22 -666.0
661 -1760.3 -1942.03
662 1590.7 -4341.47
663 4556.57 -4536.42
664 3193.11 -2384.86
665 3431.88 -1137.29
666 4214.68 -3739.72
667 2648.13 -1340.16
668 3319.06 -903.41
669 1365.25 -211.5
670 -2143.82 -531.26
671 4004.34 1860.57
672 -3353.18 -3074.22
673 -4781.13 3148.17
674 -3092.69 3154.57
675 -4501.89 2229.49
676 1735.31 3654.71
677 2514.68 -1699.78
678 4838.71 4017.3
679 534.03 -2747.85
680 3872.85 -609.63
681 987.39 -476.52
682 -426.03 2162.87
683 -4732.6 4676.88
684 -1357.62 -2124.49
685 -4620.35 -373.54
686 321.29 -3632.11
687 2758.04 3989.19
688 -1508.25 3363.57
689 4738.33 1505.75
690 3154.03 3560.98
691 -4114.05 -1181.15
692 -809.88 512.7
693 -1418.36 3770.65
694 4373.72 635.52
695 -3440.12 3919.54
696 -3986.94 -3032.43
697 4744.8 751.98
698 1865.67 1092.49
699 -654.42 -381.33
700 -2246.52 -1383.9
701 -3947.77 2243.13
702 1139.83 -3231.95
703 2077.96 -1885.23
704 -3850.75 265.77
705 1784.51 -3202.04
706 1660.99 2660.33
707 -1383.15 -2738.22
708 -3046.91 -3233.77
709 -608.46 -2007.27
710 -3258.66 -2989.88
711 -2668.53 375.17
712 -2959.59 2774.11
713 -4264.68 2445.16
714 -4942.04 3557.56
715 3779.85 -3739.38
716 -69.58 -3625.66
717 -2876.6 732.19
718 -2323.86 110.17
719 -124.23 3043.5
720 -2903.96 4995.77
721 -4426.7 -850.29
722 -1953.5 4206.62
723 -1355.69 2126.72
724 -1110.37 -2028.75
725 1350.86 4863.69
726 692.45 4737.48
727 3940.8 2355.61
728 3544.77 4513.94
729 4608.03 -1103.74
730 -2332.04 -3909.38
731 751.63 4092.01
732 -2410.28 -4405.15
733 4551.21 -4157.48
734 -357.55 -1534.06
735 -3911.87 -610.66
736 2776.94 -3589.93
737 3381.98 941.97
738 2168.58 -3309.0
739 -4848.9 2762.31
740 2085.56 1311.08
741 -838.23 891.51
742 4229.7 -1826.71
743 -2092.4 2064.62
744 4207.2 873.56
745 4527.68 -113.16
746 654.97 -683.91
747 -1337.94 -2823.0
748 18.2 -2356.8
749 -1179.72 -779.52
750 -1443.42 1133.5
751 401.3 2614.19
752 512.32 -586.05
753 344.83 711.23
754 -4206.09 3977.67
755 2674.83 2035.98
756 4659.17 3197.44
757 4150.72 2605.57
758 1758.8 -88.08
759 -45.29 177.4
760 -2393.2 678.23
761 3754.26 1447.42
762 1421.0 -996.27
763 -4951.22 3003.58
764 -708.64 -1663.15
765 162.05 -1751.48
766 -4782.3 1774.33
767 -4877.0 93.37
768 -3657.08 4393.45
769 -2853.0 3974.42
770 -802.95 4903.33
771 -228.73 4566.32
772 3016.77 -2074.48
773 2.36 3644.0
774 2837.18 2495.22
775 3400.83 4436.67
776 -1183.28 723.89
777 2044.8 3201.03
778 2320.14 -2637.11
779 -2824.5 -1979.36
780 -2897.09 4859.58
781 -3768.31 538.68
782 -1430.67 4317.64
783 3631.21 835.2
784 -1965.72 -562.11
785 -3954.31 901.9
786 2612.98 -3917.47
787 -7.37 -4799.37
788 -3853.18 -3300.03
789 -4526.77 2988.73
790 3905.99 -4105.44
791 -3999.14 -4212.5
792 1015.88 4668.68
793 -3912.14 -1435.57
794 133.52 1774.24
795 917.88 3321.71
796 -251.8 1498.71
797 1370.56 839.98
798 4426.44 -3526.56
799 3541.94 -4147.67
800 4996.52 -2647.38
801 1890.43 -3142.68
802 -4929.21 -2425.26
803 3152.04 -1506.17
804 3841.24 3606.49
805 612.76 620.46
806 4259.61 1763.75
807 -1156.79 -4316.01
808 -1310.88 4745.32
809 2989.25 3515.85
810 -691.87 4094.8
811 3068.37 -1315.75
812 -2393.13 4996.31
813 -1644.94 -4701.93
814 -2003.15 -3414.08
815 2691.97 -98.34
816 4093.13 1669.89
817 3237.6 -2060.72
818 -424.18 3410.9
819 -1349.19 4007.98
820 -3027.32 4127.49
821 -2162.37 2197.86
822 1669.93 1195.99
823 1069.61 4988.03
824 -3271.38 4026.06
825 -3592.91 4036.03
826 1206.25 527.76
827 1690.79 -2576.29
828 -769.53 667.26
829 2807.45 -4005.23
830 -4996.67 3882.31
831 3806.1 -2318.46
832 -2388.47 -1206.42
833 -573.1 574.87
834 1551.0 2948.64
835 -4357.18 2749.45
836 -2327.94 2543.78
837 -1828.94 -2366.18
838 781.85 1188.73
839 2471.46 -3337.49
840 -1894.06 -1172.45
841 -3478.52 2869.46
842 -3012.1 2828.13
843 1858.13 -2223.77
844 -920.47 -48.29
845 -4078.84 -466.11
846 -101.49 3370.68
847 4974.28 -4819.33
848 -2864.14 3484.87
849 -977.48 4451.99
850 -526.86 835.76
851 -3539.58 2971.52
852 1189.16 663.92
853 1751.77 -3746.63
854 153.7 -2033.62
855 -1329.99 2104.86
856 -1835.7 -4917.09
857 -3671.91 4409.71
858 496.81 -407.22
859 2312.33 -4716.69
860 -2899.92 -747.93
861 1806.46 1908.94
862 759.96 3273.87
863 -1732.65 3381.8
864 -2113.7 783.99
865 -2393.33 2927.64
866 463.59 4424.65
867 413.16 4537.98
868 2441.29 1730.18
869 4569.21 -4018.47
870 4906.96 2059.48
871 -443.68 551.64
872 -4672.62 1227.91
873 2849.28 3924.27
874 1742.45 -1639.52
875 -4117.45 2669.12
876 -2796.95 -411.11
877 -4668.84 -659.69
878 1989.19 -701.27
879 4300.43 -4209.97
880 3405.33 2090.56
881 4064.04 -418.71
882 3328.59 2153.72
883 305.76 -1575.83
884 -2844.11 -2649.64
885 778.28 1839.09
886 2674.56 -2662.47
887 -187.87 -210.22
888 -3154.14 -2435.75
889 2811.57 3863.05
890 1635.0 3049.25
891 -2197.31 -1305.06
892 1682.84 1596.37
893 -2000.65 3895.44
894 3307.72 -4667.22
895 4340.57 4012.19
896 3429.96 -1386.46
897 3591.92 3967.91
898 -3125.76 148.98
899 34.98 -114.08
900 -3270.41 -428.52
901 -3754.54 -2264.23
902 2222.22 678.38
903 -616.82 -4149.93
904 -637.2 -2900.17
905 -3115.87 -3317.61
906 -4463.75 -2165.25
907 601.53 4912.01
908 659.86 283.59
909 4847.47 -3531.74
910 -4033.91 3908.99
911 -3136.47 -4676.03
912 2303.62 -1702.46
913 -3245.36 580.45
914 3026.57 -1070.74
915 1664.67 4879.38
916 1807.78 525.77
917 558.01 3476.74
918 -3623.26 -2673.23
919 -1868.62 -4460.8
920 -3926.91 1079.71
921 -3693.2 -4630.08
922 -1104.3 -3301.84
923 4639.48 1118.54
924 -1555.54 -3821.19
925 -4643.52 -1584.81
926 3051.23 -4231.83
927 -2424.21 1981.84
928 -20.4 3016.1
929 -1778.28 -3032.91
930 -759.85 -392.11
931 -635.57 -2648.14
932 -3178.9 -4297.67
933 -4183.59 -959.72
934 2549.09 -4738.45
935 4567.01 -826.66
936 -2689.92 -265.8
937 -4537.17 4275.82
938 926.82 2803.45
939 -3933.44 -3743.82
940 2917.48 2725.75
941 106.56 -1718.17
942 3656.18 -3210.59
943 2377.13 3800.59
944 4164.25 -3165.48
945 1487.83 -1988.76
946 322.36 4845.97
947 -2764.32 -747.38
948 -1247.33 4101.15
949 3344.2 531.08
950 -1789.75 -1469.23
951 -1442.41 4154.2
952 -2075.41 2657.21
953 -4879.43 -2205.9
954 2456.61 -634.19
955 -656.97 2033.61
956 3370.45 1875.53
957 1785.46 1516.66
958 -302.96 -3607.43
959 404.88 -378.04
960 -1460.09 -4167.5
961 4258.46 4083.61
962 3723.79 -2474.83
963 3749.75 3606.28
964 -134.23 3240.68
965 -1929.44 2883.69
966 4893.72 4813.27
967 -3401.46 -3051.28
968 -3193.43 4966.92
969 -1792.88 1171.22
970 1866.54 4972.74
971 -19.43 2142.31
972 2826.04 -2583.99
973 -3424.86 4613.06
974 -4773.24 3556.53
975 -102.59 -2349.42
976 -2286.56 2197.21
977 -3118.79 -2711.17
978 413.6 -2358.52
979 -1911.16 -2539.83
980 121.71 -2053.31
981 1043.94 -1453.38
982 402.63 4026.1
983 2805.0 -2041.14
984 -1494.19 -195.58
985 1460.13 4099.71
986 -2328.5 -3897.79
987 -2392.79 -725.52
988 -944.35 -940.76
989 -4938.91 -1032.65
990 2811.38 2197.22
991 3780.69 -4473.8
992 2400.83 -2980.03
993 -3099.56 -1086.09
994 -4931.89 -2211.04
995 -4920.01 4863.86
996 3444.83 4180.97
997 4471.36 -531.66
998 2093.92 -2572.55
999 3744.6 -1541.92
1000 737.96 3322.92
1001 -1380.42 1687.66
1002 -4854.3 -1732.68
1003 -4402.75 -4635.71
1004 -695.48 -1247.87
1005 4029.43 2405.52
1006 -3286.28 1905.69
1007 1332.65 -1609.6
1008 1904.42 -2655.66
1009 1710.48 4511.52
1010 4358.93 2339.23
1011 493.44 -4356.6
1012 -3742.22 -1079.84
1013 935.87 -1801.4
1014 -913.36 3766.43
1015 -1126.72 3987.72
1016 -1369.69 2271.83
1017 2955.81 1353.26
1018 2619.42 -1421.85
1019 -3372.52 4445.12
1020 -4122.61 -3186.13
1021 1028.82 2989.23
1022 542.2 -1140.76
1023 4860.42 -4110.69
1024 -950.93 -2917.15
1025 3659.12 1162.82
1026 195.4 -4139.71
1027 -4736.51 -2043.64
1028 -3524.41 3963.44
1029 -1666.77 248.44
1030 2548.41 -4447.01
1031 -4364.45 -4482.55
1032 -645.38 -3370.44
1033 -4285.47 -4754.52
1034 4464.53 -62.48
1035 4608.59 -4472.17
1036 854.3 4081.68
1037 -4172.17 -476.54
1038 4920.82 4420.51
1039 -3870.31 -2603.57
1040 -3554.45 -314.78
1041 1424.03 2094.29
1042 -2386.89 -3631.49
1043 -4298.48 -1363.39
1044 309.62 -997.18
1045 -700.53 3800.37
1046 851.59 435.52
1047 3183.9 3786.04
1048 4711.62 -3592.5
1049 -3827.68 -2578.67
1050 356.15 2902.39
1051 -41.6 -1742.26
1052 4089.73 -2616.95
1053 181.51 1688.56
1054 -606.95 1274.2
1055 -3109.73 -2783.25
1056 -3413.15 -1899.86
1057 -4054.79 1136.07
1058 4499.92 -887.84
1059 -1371.72 -1795.82
1060 1773.13 -1898.26
1061 -2131.85 -3024.56
1062 1578.33 -2893.97
1063 -568.97 -4674.03
1064 132.52 -3991.43
1065 -1831.3 4365.45
1066 701.28 4820.97
1067 -2700.4 3438.57
1068 4275.84 -4829.07
1069 -4936.89 -4814.44
1070 -3357.25 3727.81
1071 -563.95 -2503.77
1072 4011.45 1601.76
1073 -1587.85 -229.3
1074 -4319.91 3748.08
1075 1880.05 -3093.92
1076 4990.71 1905.58
1077 -1730.02 -2941.46
1078 1519.18 1139.32
1079 2850.96 -786.7
1080 3209.79 3991.51
1081 -49.32 -1063.98
1082 3343.56 -1843.46
1083 4387.26 4443.01
1084 -57.33 2335.98
1085 -3812.14 -2371.44
1086 3047.41 -3159.76
1087 3229.1 -2899.06
1088 -2598.53 1157.34
1089 3150.07 -643.37
1090 -2230.67 3270.99
1091 -1680.91 -4043.31
1092 -4127.21 -1904.26
1093 2223.19 1707.05
1094 -2921.08 1606.8
1095 1034.35 -1113.49
1096 -3617.98 408.21
1097 3722.23 2014.02
1098 1663.99 1046.78
1099 -1383.43 -2569.89
1100 2762.29 2246.01
1101 -4714.39 3603.65
1102 -3033.59 3574.24
1103 2458.13 -4579.18
1104 -3566.74 1103.25
1105 2592.18 -304.84
1106 -2803.55 -1753.83
1107 -4102.69 -595.52
1108 -1410.33 4210.73
1109 651.71 -4172.16
1110 472.99 1837.32
1111 -2663.23 -2937.65
1112 2232.26 3666.03
1113 4687.91 -3357.17
1114 687.25 469.32
1115 1178.08 3683.87
1116 -65.28 -2970.95
1117 2809.74 272.94
1118 -3677.27 -983.42
1119 -2558.98 -3643.63
1120 1079.72 367.96
1121 -235.79 -1838.6
1122 856.12 -3996.92
1123 3867.35 2979.21
1124 2730.74 -52.7
1125 4355.73 -2067.46
1126 524.65 4566.13
1127 -1464.05 -91.21
1128 4554.2 -1433.42
1129 962.68 -689.91
1130 -204.84 -974.61
1131 -2775.22 4145.75
1132 4211.57 -2293.8
1133 2607.56 -344.71
1134 3531.54 -575.54
1135 868.12 -4106.46
1136 448.95 -2666.61
1137 -4517.16 -4900.75
1138 -505.7 -1287.55
1139 3861.41 3846.75
1140 -4647.21 4906.94
1141 -3446.07 1027.33
1142 -3232.49 -217.95
1143 -2793.69 4247.46
1144 848.58 4216.43
1145 3445.59 -3599.14
1146 -4144.53 170.3
1147 1000.54 -4517.28
1148 1869.02 3639.07
1149 384.55 930.49
1150 -232.28 3149.27
1151 2953.15 1847.46
1152 -4902.26 341.4
1153 3484.9 -1688.05
1154 752.22 -4922.94
1155 -2344.47 377.59
1156 994.32 -3774.81
1157 161.12 4414.7
1158 -997.67 3834.07
1159 4297.77 -186.23
1160 502.02 -470.7
1161 74.58 1947.65
1162 2105.26 -1408.97
1163 2689.68 1766.86
1164 -309.28 -1846.23
1165 1615.88 -3435.79
1166 -1889.65 -1732.87
1167 1210.17 -3823.14
1168 1966.98 2374.01
1169 794.14 -3869.09
1170 2239.06 4923.62
1171 -2264.91 201.86
1172 -363.64 922.67
1173 -1241.17 -209.2
1174 153.62 414.06
1175 -1281.75 -4741.98
1176 4845.81 3707.17
1177 -1696.82 2972.13
1178 -2767.65 2546.29
1179 4586.16 -4497.97
1180 -3761.61 -3378.14
1181 3450.01 289.63
1182 3731.38 3759.41
1183 -4899.82 871.92
1184 1841.52 -1231.6
1185 4020.06 -4439.25
1186 -2631.18 4571.92
1187 2004.4 4225.03
1188 4203.14 2298.71
1189 -771.43 4242.08
1190 -3491.44 3766.32
1191 2961.26 -3992.12
1192 1012.69 3177.03
1193 4847.61 -2946.86
1194 -4078.82 632.19
1195 3488.52 -800.26
1196 3677.08 4713.72
1197 748.8 -3085.15
1198 1857.87 -950.94
1199 -3278.94 548.77
1200 2225.11 1774.43
1201 2474.58 3656.08
1202 3915.97 -3311.48
1203 4441.6 3951.88
1204 -15.96 -1445.39
1205 117.82 -2144.72
1206 4896.86 -2284.44
1207 -2894.33 -1462.51
1208 -1662.51 1522.92
1209 -2612.86 -3857.69
1210 3767.53 431.35
1211 -2014.46 -4617.22
1212 -2753.13 3657.73
1213 -1870.72 -3464.32
1214 57.41 -4471.69
1215 2815.37 -4586.27
1216 -3121.46 4900.86
1217 -4074.06 4884.87
1218 1829.83 -4338.45
1219 2876.45 1311.02
1220 1471.1 1248.95
1221 4743.95 -71.5
1222 -22.02 -349.58
1223 499.5 2588.48
1224 -4059.14 1791.49
1225 1728.72 1566.8
1226 -2403.04 -1227.59
1227 -2490.85 3836.72
1228 4378.27 -3092.39
1229 -1261.52 -2784.97
1230 -678.74 -4837.09
1231 3595.37 4449.5
1232 -3884.6 -793.42
1233 3634.8 4049.23
1234 4117.43 -2608.52
1235 -728.8 -412.28
1236 -1312.97 -787.98
1237 -3168.36 -1402.79
1238 -2712.22 460.68
1239 -86.78 -4807.82
1240 -980.89 2714.8
1241 -3063.49 4859.04
1242 4210.58 485.64
1243 1877.65 1624.77
1244 3818.92 2152.67
1245 -987.41 1947.4
1246 -4975.9 2283.44
1247 -1838.05 -81.01
1248 3854.88 4397.4
1249 3365.88 1224.31
1250 -2435.85 2472.12
1251 -2515.35 -4638.99
1252 4434.53 2872.51
1253 3346.9 -4602.12
1254 4413.29 1071.59
1255 809.46 -4424.9
1256 1369.71 1527.35
1257 -3622.12 -1626.33
1258 -3962.44 -1959.95
1259 -1664.63 2581.82
1260 4495.3 -3569.17
1261 -1081.21 2756.27
1262 -1482.25 3919.03
1263 2503.79 4477.36
1264 2391.11 17.34
1265 3496.1 -1544.62
1266 1565.97 -1745.6
1267 -3552.9 -1212.81
1268 -2238.21 965.87
1269 4900.94 1042.67
1270 -1694.43 -74.08
1271 4405.11 3210.19
1272 -4180.08 -4236.33
1273 4343.54 2266.59
1274 -2969.13 165.6
1275 3681.29 863.27
1276 -3050.46 2025.66
1277 3737.29 -2277.42
1278 -3618.39 -2626.8
1279 -3938.79 -2738.65
1280 -62.57 -4383.86
1281 -4035.25 1342.05
1282 -1614.32 2356.51
1283 3035.93 3577.14
1284 -1542.41 -1795.22
1285 -4526.61 -2755.65
1286 4770.64 4929.6
1287 1775.98 -2235.83
1288 61.48 -317.21
1289 -4452.81 -1939.75
1290 83.93 -812.57
1291 2449.62 -3085.36
1292 2454.06 -4513.57
1293 -3940.71 -3295.01
1294 4939.46 -532.04
1295 -31.5 1319.12
1296 2088.84 3759.68
1297 -4617.61 -1700.8
1298 -1206.46 -79.23
1299 -3856.77 -3795.14
1300 319.82 494.41
1301 4163.44 -3374.77
1302 2897.9 2565.68
1303 1663.67 -2157.49
1304 2746.65 -70.16
1305 -1031.81 4864.9
1306 505.02 -1732.33
1307 -4616.52 2815.07
1308 -1278.73 14.59
1309 872.77 -1662.81
1310 -590.62 -2726.16
1311 -869.64 -4410.48
1312 -3434.9 -2159.87
1313 2275.7 1552.25
1314 -2227.35 2843.79
1315 -456.35 -3853.26
1316 -142.7 2192.18
1317 -1050.58 454.68
1318 -3889.61 1117.74
1319 -1391.35 876.52
1320 4718.26 1852.98
1321 1108.82 -4568.27
1322 -2706.79 4951.24
1323 796.19 2705.29
1324 -1591.73 -4363.02
1325 -4280.9 -859.32
1326 602.78 -3416.46
1327 2346.09 218.03
1328 -2004.95 4722.19
1329 3968.24 2206.82
1330 2380.91 2050.28
1331 -3614.09 692.18
1332 3979.16 -896.62
1333 -4019.72 -1906.7
1334 -1462.51 2281.32
1335 -1654.09 -787.85
1336 4316.81 1447.56
1337 -102.06 4855.24
1338 3584.46 286.35
1339 -618.48 -2296.73
1340 2316.84 -4506.13
1341 -1247.88 594.35
1342 -3224.66 -3485.04
1343 -4032.92 872.21
1344 -4972.12 -2008.39
1345 -2482.68 2660.57
1346 -3632.9 3845.62
1347 -2715.98 1076.21
1348 -3901.7 -4318.53
1349 -3967.79 52.65
1350 3129.67 -2904.61
1351 -2625.9 -432.02
1352 1798.2 4450.88
1353 -1392.35 1317.13
1354 2878.64 -4355.11
1355 2042.1 3964.12
1356 -4359.91 650.43
1357 -2121.83 4476.78
1358 1409.54 1320.86
1359 4400.48 891.99
1360 -510.94 -4043.05
1361 3443.44 -3713.43
1362 4246.67 2665.42
1363 4530.53 4992.33
1364 1740.46 -4878.07
1365 3188.28 3328.71
1366 -765.51 -1494.33
1367 -2957.98 -515.29
1368 4869.42 -3887.68
1369 -1935.95 -834.07
1370 4424.92 -208.23
1371 -72.74 3861.99
1372 -1257.17 -3570.74
1373 1719.57 2442.38
1374 -2481.84 2364.59
1375 2418.5 -6.61
1376 -3121.14 1421.26
1377 -4866.31 -4972.89
1378 2469.91 4865.42
1379 3240.08 71.08
1380 -3881.18 2532.29
1381 -130.03 -4940.06
1382 2954.41 702.29
1383 3262.14 -2105.44
1384 -2665.08 -3763.94
1385 4397.69 4724.77
1386 -4475.15 -2779.9
1387 -603.14 597.73
1388 -2192.25 4827.81
1389 -4895.52 -4581.87
1390 4224.59 -4836.36
1391 -3267.48 -3839.43
1392 -1383.79 -2372.86
1393 1572.39 2985.36
1394 4443.86 -336.47
1395 -4928.2 -1628.47
1396 -21.86 -2968.83
1397 -3952.51 -2885.16
1398 -2722.19 -4602.39
1399 -4206.36 -1258.78
1400 -1423.57 3500.38
1401 33.25 11.28
1402 -2644.3 -1781.82
1403 1208.61 3390.42
1404 -2052.28 188.03
1405 -37.85 -1451.62
1406 4874.87 373.88
1407 -3449.67 -964.16
1408 1067.28 -3694.03
1409 -4442.75 456.83
1410 -1428.08 2928.21
1411 -373.47 4814.11
1412 2273.34 -4467.41
1413 2842.95 3345.7
1414 189.79 -1675.64
1415 -2490.86 2640.97
1416 1111.34 -2390.38
1417 4070.38 3199.52
1418 4137.99 -2803.65
1419 1166.8 -158.82
1420 4915.2 4596.01
1421 943.11 -4606.95
1422 -2896.17 4253.28
1423 2064.3 -2063.18
1424 -4799.36 -2696.62
1425 4451.82 -3438.2
1426 4180.75 3166.37
1427 3538.64 4695.51
1428 -1705.88 -3968.04
1429 -1974.98 2512.17
1430 3083.26 3162.05
1431 -2037.27 2210.94
1432 3814.42 1690.91
1433 2450.5 2918.99
1434 -1654.85 -4859.44
1435 -1485.19 -2665.61
1436 599.09 4731.19
1437 -3534.33 -4218.24
1438 -2381.49 -25.61
1439 -4384.14 -3636.46
1440 -4909.69 2945.45
1441 -3835.51 -3131.09
1442 -1935.94 3543.95
1443 -4103.07 2609.44
1444 2597.55 2277.61
1445 3391.6 -3364.72
1446 4922.6 -3334.12
1447 -1385.24 -2982.64
1448 2821.79 3312.02
1449 3735.61 3723.67
1450 544.96 4493.34
1451 1446.07 1366.54
1452 2870.63 -10.65
1453 -4144.36 3312.03
1454 416.8 2730.64
1455 3922.36 -3917.14
1456 -2651.96 -2894.99
1457 -3478.75 95.52
1458 -256.72 2575.54
1459 4836.44 -1017.32
1460 -4398.51 4850.4
1461 -3404.32 -4930.37
1462 -2472.67 166.88
1463 51.96 3872.59
1464 -635.13 4177.64
1465 -4316.65 -4368.97
1466 -1826.98 -4187.81
1467 -756.66 -692.32
1468 -4293.13 -3982.59
1469 -1611.36 -1134.94
1470 -1949.98 1836.69
1471 4623.93 -2609.7
1472 1143.2 -1991.78
1473 4976.05 -1871.25
1474 2391.0 4150.75
1475 -1512.75 -230.29
1476 -4040.5 -2702.89
1477 4149.95 -3895.07
1478 1085.84 -3897.11
1479 -1164.77 2150.52
1480 1833.92 -851.33
1481 3159.84 1830.8
1482 -2802.64 -4895.1
1483 3035.22 3671.19
1484 2943.17 3686.17
1485 -1378.23 217.99
1486 -4442.71 -2063.94
1487 -2191.57 -4298.88
1488 -1975.07 334.49
1489 2864.43 742.15
1490 2518.23 1458.67
1491 -1992.53 -2385.83
1492 -4197.54 2310.72
1493 -3826.07 -2481.89
1494 1620.35 3816.83
1495 -4660.8 -549.52
1496 3852.03 -1164.75
1497 4486.26 -274.8
1498 -2531.51 -4958.71
1499 1105.09 1431.15
1500 -3801.76 2143.39
1501 3726.67 909.98
1502 -2036.85 4396.02
1503 3324.5 1871.33
1504 -3056.96 -3645.11
1505 -2749.15 414.72
1506 -2801.25 867.25
1507 1863.8 4583.87
1508 -2780.01 -714.16
1509 2661.33 1008.54
1510 -4210.25 3137.2
1511 4396.73 3407.29
1512 4553.71 -1950.88
1513 1226.87 -3304.39
1514 192.25 3433.69
1515 4312.75 4064.14
1516 -115.13 2206.52
1517 -4776.61 -1086.74
1518 1417.43 -3862.34
1519 1307.26 -2031.9
1520 2105.4 -97.27
1521 3419.83 -1380.98
1522 -2132.46 -1279.39
1523 3296.81 4445.6
1524 4914.16 857.62
1525 -4189.77 -4686.11
1526 -2346.28 1484.84
1527 879.5 2279.95
1528 2433.9 3833.48
1529 -1437.95 3623.38
1530 -3477.41 1056.82
1531 1029.54 -1749.73
1532 -3640.72 2110.34
1533 2790.81 1228.76
1534 -2976.0 -4234.25
1535 -1778.1 -3714.28
1536 3961.35 3827.56
1537 4432.92 2975.92
1538 1508.92 -966.95
1539 -2556.88 1345.8
1540 -4903.28 -2058.05
1541 -3008.55 -1570.78
1542 2004.99 -4135.4
1543 2895.15 -4096.89
1544 1374.47 1657.8
1545 -10.04 -4242.25
1546 1686.66 -372.42
1547 -92.45 2076.88
1548 -3322.27 1666.48
1549 -3144.98 3391.74
1550 -4054.89 -4662.06
1551 1769.09 -3885.44
1552 1577.94 980.63
1553 -901.05 -617.9
1554 -4002.61 -1103.58
1555 4680.0 -582.27
1556 -3832.06 -3245.4
1557 -4997.56 4225.74
1558 3542.02 -1839.66
1559 2201.37 -3583.56
1560 2349.26 1925.21
1561 -1870.26 992.05
1562 4574.16 -2685.7
1563 -292.76 -4396.86
1564 4534.51 3141.78
1565 1184.58 -1612.39
1566 397.02 2573.82
1567 759.71 25.94
1568 -4977.33 604.81
1569 4763.12 -1505.44
1570 -1241.42 -3470.27
1571 3567.8 -346.76
1572 -4238.67 3263.81
1573 -4533.3 631.12
1574 2513.74 3919.26
1575 3427.38 188.78
1576 1613.28 -3860.6
1577 -1497.92 -4128.36
1578 -2345.22 145.28
1579 -2714.49 3956.78
1580 475.95 -4274.15
1581 3145.57 4840.69
1582 -1723.23 1752.58
1583 -3268.19 4289.66
1584 -2411.69 -4550.45
1585 -291.57 -2025.71
1586 -2407.09 2214.89
1587 -4176.85 3226.07
1588 -2703.65 376.8
1589 3876.9 -3756.7
1590 2804.86 2096.49
1591 -850.85 -4607.55
1592 3648.02 3464.75
1593 2127.65 2368.65
1594 3106.03 -4612.58
1595 -3601.07 -4367.83
1596 -4732.73 1774.29
1597 3354.13 -3849.06
1598 -483.36 4606.15
1599 -4614.91 -3737.11
1600 555.64 3714.51
1601 3693.77 -4235.8
1602 2765.32 362.79
1603 -2010.98 -2793.14
1604 -4519.05 -2338.35
1605 -12.42 -3592.5
1606 1300.78 343.47
1607 1332.58 -4047.76
1608 -1934.17 970.06
1609 -2250.37 3742.46
1610 -2824.1 -2288.23
1611 495.28 -541.06
1612 -2173.51 -29.89
1613 1660.21 -3507.47
1614 -4298.0 52.99
1615 -4299.68 1244.95
1616 2620.86 994.32
1617 -4049.85 3348.92
1618 3894.41 -2706.08
1619 -8.96 4397.81
1620 -456.6 -3045.36
1621 -3656.78 4712.08
1622 -504.75 -730.7
1623 1103.6 -3271.41
1624 -1476.32 4847.64
1625 -4803.13 -3000.79
1626 4159.95 -2408.46
1627 -4437.45 823.73
1628 3555.08 2461.4
1629 4723.35 -435.58
1630 -4489.42 -1870.89
1631 2013.51 -146.16
1632 4991.18 268.53
1633 -2063.01 1902.34
1634 -2759.9 -4882.28
1635 -3715.63 4028.62
1636 -1140.0 -2416.19
1637 -421.04 2733.48
1638 3913.84 4643.99
1639 -4269.14 -1678.55
1640 1786.66 338.22
1641 -1764.39 -1017.31
1642 1481.73 -701.01
1643 -4746.62 -3458.31
1644 -3464.09 540.52
1645 1596.91 -514.49
1646 3984.52 -1547.87
1647 -3381.39 -1659.43
1648 -330.15 2284.11
1649 479.38 -1461.46
1650 1882.13 -749.7
1651 1887.16 3531.16
1652 3020.35 2249.43
1653 2563.24 1935.51
1654 -4435.19 3546.16
1655 3183.17 -1334.39
1656 -4904.69 -3036.04
1657 -2373.16 -4295.21
1658 3937.54 765.64
1659 -2160.61 4553.08
1660 -2749.07 3459.15
1661 -1602.63 -859.57
1662 2249.73 3714.58
1663 -4822.36 -1060.74
1664 -4874.15 -4531.43
1665 -3756.99 -1544.05
1666 2345.93 324.75
1667 1455.88 1621.06
1668 645.26 -548.72
1669 2682.57 -1872.43
1670 166.27 2106.4
1671 -4542.93 1296.61
1672 3152.01 4272.77
1673 4021.51 -2513.88
1674 -1894.54 1965.86
1675 -2717.83 4988.95
1676 4906.73 -4039.76
1677 -1587.55 -4.63
1678 4681.72 765.88
1679 -112.54 -849.08
1680 -1351.06 3673.05
1681 2459.11 188.42
1682 2107.43 -4196.61
1683 1998.11 2276.54
1684 -3973.94 -1602.03
1685 108.44 -1397.46
1686 -3636.11 -3342.36
1687 -1651.76 2232.89
1688 2385.75 221.51
1689 -784.96 -2003.3
1690 1930.09 -395.01
1691 -1382.51 -281.68
1692 -2831.4 -2727.52
1693 2982.96 -264.81
1694 -4433.98 -433.33
1695 -3150.49 3868.71
1696 -39.94 -4495.27
1697 -3771.31 3306.62
1698 1430.73 1697.46
1699 3715.45 3529.98
1700 -1511.84 3793.19
1701 2972.1 -2412.55
1702 4877.81 4501.41
1703 1771.4 1836.95
1704 -1978.56 -3337.9
1705 -4157.65 -4644.23
1706 3035.33 -1616.79
1707 4732.57 1545.68
1708 -2463.65 -1455.5
1709 4512.09 482.36
1710 -4336.84 503.17
1711 4070.1 1835.98
1712 -2541.82 -4408.36
1713 3765.12 -3175.3
1714 806.56 3924.46
1715 -1465.2 3521.63
1716 -1260.51 2261.1
1717 2658.5 -2832.74
1718 -477.28 -4590.12
1719 3570.89 801.63
1720 -33.76 -2176.02
1721 -4838.18 -1730.84
1722 -4166.73 1850.61
1723 2125.5 -1966.33
1724 -2021.82 -645.41
1725 -884.43 -154.22
1726 -3868.16 -4381.52
1727 2933.19 312.29
1728 -2395.41 3077.09
1729 759.73 -2465.27
1730 -2003.31 4730.23
1731 1644.26 3677.53
1732 1663.28 1791.86
1733 3924.48 3479.57
1734 -3529.33 -4723.81
1735 -1027.03 -707.21
1736 -4767.89 -1603.76
1737 -4659.73 -3769.33
1738 -4978.99 -4181.26
1739 -3888.1 4372.39
1740 3324.7 -952.99
1741 -471.06 521.24
1742 3224.07 1494.44
1743 120.17 1714.5
1744 3426.03 -4239.13
1745 4049.74 3997.83
1746 222.72 -2801.95
1747 -3509.53 1967.78
1748 4020.18 2285.7
1749 3350.95 -2671.57
1750 630.65 4936.25
1751 2175.54 1255.13
1752 3105.71 -1681.82
1753 4125.22 2460.15
1754 873.97 1898.34
1755 -3125.1 -2999.38
1756 -593.03 -2386.3
1757 -3566.98 2423.14
1758 2345.26 -2762.77
1759 3913.7 -3826.99
1760 52.0 -1305.72
1761 -762.66 -4534.95
1762 -4006.57 -4643.01
1763 597.66 2461.83
1764 -2481.48 2484.85
1765 2507.22 -3625.37
1766 2819.55 -3354.8
1767 4252.92 3722.51
1768 -2388.53 2304.27
1769 -1323.18 2113.17
1770 1963.98 -2522.89
1771 -4288.88 4458.11
1772 754.47 -1195.28
1773 -330.93 765.5
1774 -2053.8 1467.01
1775 523.12 4024.15
1776 1821.54 -3361.17
1777 1681.9 -129.13
1778 4944.77 1356.62
1779 -4849.82 527.16
1780 773.17 -4249.78
1781 -3786.5 3142.29
1782 -42.41 2036.74
1783 -2733.05 -1834.24
1784 -3027.56 -3269.39
1785 2052.49 3565.94
1786 3807.09 3573.42
1787 773.52 239.13
1788 -2546.56 163.44
1789 615.47 4055.49
1790 -2871.19 4807.37
1791 -3166.66 2060.27
1792 -4879.74 -1435.26
1793 -2705.24 -3661.6
1794 -1188.63 -1310.1
1795 4429.81 -4695.25
1796 -1528.21 -4787.35
1797 -877.82 2400.84
1798 -198.01 2453.19
1799 -1056.53 3721.8
1800 4876.74 -4781.78
1801 3411.44 4590.7
1802 -2610.2 4559.35
1803 1083.14 -365.28
1804 4836.23 -1509.56
1805 -603.1 597.11
1806 4489.91 1498.36
1807 1826.78 -522.56
1808 -1667.17 -92.41
1809 1817.67 331.01
1810 -1268.34 3759.69
1811 4562.6 4548.76
1812 -3606.46 3146.75
1813 1564.97 -3455.3
1814 2307.25 -3002.97
1815 -3620.42 -168.27
1816 2605.43 -679.61
1817 -4916.29 3534.5
1818 -3321.87 -2776.54
1819 80.93 3319.4
1820 2458.97 4218.25
1821 -3720.0 -3477.35
1822 -2819.5 2165.99
1823 -3364.9 1874.9
1824 2439.09 3412.19
1825 -3461.27 -4750.18
1826 -2749.44 1020.36
1827 19.51 247.85
1828 -659.88 -4335.81
1829 -4977.83 3340.16
1830 -4456.7 3087.17
1831 4417.32 -809.61
1832 4562.27 -4400.97
1833 1879.56 4968.59
1834 2666.53 348.91
1835 1186.94 -4593.79
1836 -4305.31 -3814.39
1837 -2106.54 1914.02
1838 -2536.43 -3734.34
1839 -3825.63 -1233.86
1840 4383.44 205.26
1841 -2729.76 -3751.96
1842 740.42 -1409.31
1843 945.62 4321.04
1844 1695.48 -4098.9
1845 3232.64 -1663.89
1846 567.37 3539.87
1847 1781.16 4184.12
1848 -639.89 566.46
1849 -402.9 -739.46
1850 3705.51 2663.37
1851 4217.63 -1722.18
1852 2122.54 -3598.1
1853 2205.76 3130.67
1854 1054.77 -3048.98
1855 -857.17 3274.56
1856 -1629.38 3063.64
1857 2748.33 -1400.16
1858 3397.43 2146.09
1859 1149.98 -3700.13
1860 2589.87 -352.55
1861 1809.8 -3996.18
1862 -3675.92 -4883.4
1863 -606.99 -4247.57
1864 3835.63 3788.17
1865 -1573.77 1279.39
1866 -4227.51 1077.86
1867 -900.36 4336.32
1868 -220.78 4945.32
1869 -4011.18 -5.38
1870 -4479.02 -56.47
1871 -4586.4 2751.05
1872 1008.1 3955.36
1873 -3829.61 -768.89
1874 -4428.5 -2642.77
1875 -3713.96 3910.33
1876 -4306.22 -260.38
1877 -778.65 360.34
1878 2501.45 1612.45
1879 847.59 2699.91
1880 -4574.41 -2280.24
1881 4552.5 -3024.81
1882 -1899.34 3800.7
1883 -1517.17 -1542.09
1884 -3133.37 -4185.85
1885 -3707.55 -3198.19
1886 2200.64 449.97
1887 3746.51 3047.05
1888 2992.21 -3181.51
1889 1188.02 -1183.86
1890 169.6 -974.05
1891 3451.51 -194.58
1892 -4181.94 732.11
1893 -4478.74 -2839.48
1894 -757.77 -2522.58
1895 2574.35 -2109.98
1896 3138.8 -301.84
1897 3575.03 -547.72
1898 4635.74 598.95
1899 3422.76 2028.75
1900 2517.95 -333.86
1901 -2768.08 1630.59
1902 -2205.12 3468.12
1903 -4535.96 -631.23
1904 2712.91 536.16
1905 -1689.23 2737.48
1906 -235.35 2218.7
1907 2035.32 -3664.95
1908 -2257.64 2160.35
1909 227.66 -361.47
1910 1688.74 -2656.67
1911 -1924.71 1633.91
1912 -3089.9 -431.07
1913 -843.58 -1381.69
1914 3779.25 1857.29
1915 -1239.51 -2142.22
1916 -1220.05 -1649.73
1917 -459.57 -2879.82
1918 -1400.98 -2582.72
1919 2.09 -3441.59
1920 3803.8 -3763.25
1921 2246.48 -1932.03
1922 2375.31 -4885.39
1923 -740.48 1029.05
1924 3071.78 946.04
1925 1576.64 2953.59
1926 1865.92 1322.43
1927 1210.77 -4543.06
1928 4161.11 -4431.52
1929 -4965.61 -2935.9
1930 1601.85 1293.43
1931 -3120.38 322.31
1932 -121.57 2705.19
1933 2695.93 4933.62
1934 337.31 3202.81
1935 -718.87 3732.8
1936 1592.85 -4177.69
1937 2415.27 2279.53
1938 -630.36 -4679.58
1939 -1722.24 -3789.43
1940 -1237.07 467.27
1941 4962.2 -109.48
1942 3658.08 2171.89
1943 4650.93 -1390.44
1944 -4966.63 -1439.57
1945 2340.92 2340.21
1946 -4794.43 3169.06
1947 -972.58 -2624.35
1948 1536.06 -2160.19
1949 3481.94 2457.22
1950 867.3 -4439.35
1951 -394.82 55.93
1952 -846.41 2998.03
1953 782.87 -2348.44
1954 4822.37 -945.88
1955 2319.37 -3669.78
1956 -2702.21 -2735.36
1957 2854.1 1397.34
1958 -2676.7 2201.34
1959 -3785.5 -502.58
1960 -4226.09 -1801.8
1961 -958.65 2294.47
1962 2303.71 -1883.72
1963 -4780.34 -3787.69
1964 1422.11 -3759.79
1965 -3886.39 117.13
1966 2249.74 -1247.55
1967 181.56 2630.18
1968 -2610.25 2535.27
1969 1524.43 -3624.56
1970 -1945.0 -2801.15
1971 -1861.08 1141.9
1972 11.29 -711.77
1973 4702.55 -2402.2
1974 -1041.24 881.89
1975 1726.11 671.72
1976 1506.08 3343.42
1977 -4915.87 733.64
1978 -3126.26 -3410.6
1979 4041.47 -4581.77
1980 -3619.54 -3054.35
1981 3673.46 4653.76
1982 -1246.64 2958.7
1983 -3666.36 -1352.26
1984 3854.98 2612.81
1985 3416.04 3968.36
1986 -1837.52 3331.42
1987 3006.12 3943.69
1988 -2702.08 1449.65
1989 -1547.53 -12.15
1990 -2536.56 -891.09
1991 -3675.48 607.84
1992 219.66 2061.66
1993 -1536.68 563.33
1994 942.13 2801.27
1995 667.51 2474.71
1996 61.41 644.87
1997 -752.55 -4159.18
1998 2328.53 -3068.07
1999 -855.27 -775.65
2000 -4747.02 1791.79
2001 3301.22 -4319.16
2002 -4672.99 4501.51
2003 -4093.6 -1030.14
2004 4313.36 -4531.84
2005 2233.9 158.23
2006 -1856.93 -3907.13
2007 -3685.59 -936.57
2008 4011.74 -1861.24
2009 1947.15 2202.02
2010 -1957.75 554.52
2011 4375.9 -3479.32
2012 356.03 1447.6
2013 -3054.89 -1173.21
2014 179.31 -4701.18
2015 -717.14 824.11
2016 809.69 -2245.85
2017 -1292.72 -932.04
2018 -157.59 4783.87
2019 -4155.15 4878.16
2020 -3004.23 599.03
2021 3023.7 -4170.51
2022 -3810.16 -4291.19
2023 1675.96 4695.35
2024 -1595.71 4066.87
2025 4945.81 1385.48
2026 -4675.35 -3292.28
2027 -2121.03 -1170.52
2028 3191.51 2953.71
2029 53.83 -1024.53
2030 -1569.65 -599.76
2031 764.79 3027.33
2032 -3154.59 2857.05
2033 982.67 832.38
2034 -3029.62 3513.11
2035 -4735.4 2912.44
2036 4793.67 -1159.7
2037 -3807.63 -2522.13
2038 4351.1 3549.19
2039 4934.17 -2935.38
2040 953.14 -2873.5
2041 2577.22 2683.79
2042 -2808.07 -958.45
2043 1891.11 -2916.3
2044 -4861.26 4651.55
2045 1753.99 -1867.06
2046 1736.02 463.5
2047 3813.85 4414.32
2048 3427.89 265.93
2049 2084.04 -1319.95
2050 -256.04 2901.8
2051 4563.84 2991.36
2052 -242.1 -1016.44
2053 3258.68 2724.77
2054 -3661.01 541.36
2055 -2276.81 -2834.79
2056 -1038.26 4083.79
2057 438.98 3014.88
2058 -3200.28 -3694.32
2059 1582.39 -2184.09
2060 2026.86 -1021.33
2061 4345.33 -4476.33
2062 -594.53 -3691.99
2063 4939.93 -2340.05
2064 2872.98 -555.21
2065 2582.06 924.66
2066 938.03 2189.64
2067 -4365.46 2636.73
2068 1172.03 -2493.87
2069 -3101.14 -3249.66
2070 -4884.3 -1543.08
2071 -502.09 -592.57
2072 1059.53 3893.56
2073 -560.79 -3613.04
2074 -2613.9 922.82
2075 3320.35 4843.67
2076 574.39 -2293.98
2077 1120.1 3390.19
2078 3277.5 3163.45
2079 4863.3 -500.09
2080 -1136.27 -1687.83
2081 3079.85 1447.58
2082 -1759.27 2322.3
2083 -969.39 1377.52
2084 -4123.96 2287.22
2085 1847.67 -4222.59
2086 -1062.14 3650.7
2087 -2178.82 4104.25
2088 -4638.6 2066.36
2089 -621.14 -4500.38
2090 3283.36 -819.46
2091 2779.65 1277.99
2092 3054.87 -1423.55
2093 -2535.42 -3900.03
2094 2759.48 -1131.49
2095 -924.28 -2619.05
2096 -2829.52 -2252.03
2097 2686.25 4742.33
2098 -1562.68 -1266.35
2099 4237.95 1613.88
2100 1162.7 -4778.48
2101 0.84 -2975.13
2102 1247.18 -2007.97
2103 -1310.11 3427.51
2104 688.26 -2119.38
2105 -380.17 -4418.31
2106 -3964.8 60.02
2107 1268.23 2882.28
2108 -131.76 -3833.81
2109 -3652.18 0.37
2110 -2554.98 2351.17
2111 4477.19 -2633.88
2112 1735.65 -4911.3
2113 -4140.94 -2598.71
2114 4101.49 -4933.13
2115 -928.97 759.5
2116 2092.55 -3905.38
2117 -668.26 2600.4
2118 7.72 -3450.3
2119 -4530.37 228.82
2120 -4779.55 -3742.29
2121 -2112.27 -2798.29
2122 234.9 3747.72
2123 2615.71 -2513.0
2124 -2781.42 1879.08
2125 -4205.02 715.02
2126 2295.97 -226.03
2127 2366.26 4940.62
2128 531.84 -2518.08
2129 2989.82 2736.3
2130 2587.98 -3982.34
2131 3889.83 -2482.21
2132 3880.2 740.17
2133 -2581.11 2068.58
2134 -2300.35 3813.7
2135 -3781.88 -1016.41
2136 -1853.85 -1219.67
2137 -1362.95 186.85
2138 -2048.12 -1618.91
2139 3939.74 -1391.35
2140 -886.77 2694.68
2141 599.74 -3861.13
2142 -4882.25 -4835.38
2143 -1905.35 -4372.75
2144 -2691.19 -2513.26
2145 904.65 1945.79
2146 1174.87 -2666.47
2147 1958.64 -1924.37
2148 503.45 -793.96
2149 -3448.55 1624.6
2150 1490.17 3515.39
2151 -4680.37 1450.12
2152 4643.96 4411.29
2153 -4586.94 -4403.3
2154 420.19 1797.27
2155 379.9 4658.68
2156 2521.89 -2210.07
2157 -2661.47 -3243.35
2158 -4368.02 2030.48
2159 212.29 -2131.13
2160 -2649.06 -2544.37
2161 -1602.66 -394.67
2162 2049.94 -2989.21
2163 2471.23 2498.57
2164 4200.37 332.14
2165 415.16 331.77
2166 4045.32 -3818.85
2167 3682.12 -3482.63
2168 -3409.02 -4440.31
2169 3087.27 3491.34
2170 3723.07 1020.64
2171 4169.44 3817.96
2172 2867.61 -4400.93
2173 -975.68 2502.89
2174 -3088.41 -4316.91
2175 2201.55 606.52
2176 -1843.18 -1386.52
2177 -493.23 29.73
2178 -2313.73 1072.8
2179 4503.65 -1414.1
2180 533.08 2521.21
2181 4166.46 2620.55
2182 3623.84 4557.12
2183 -3897.5 2811.39
2184 4122.91 1948.59
2185 -2517.44 3797.09
2186 358.73 -3175.1
2187 1482.41 -3169.12
2188 -4074.24 989.41
2189 4260.39 -1212.51
2190 2025.46 3505.1
2191 1786.0 546.91
2192 1269.3 1904.8
2193 -2886.77 -1535.43
2194 -99.78 -317.95
2195 -4245.61 -2480.67
2196 2329.48 -2493.13
2197 3643.0 -3013.05
2198 -629.45 -208.44
2199 -2461.67 1360.35
2200 -1201.0 4486.33
2201 -3281.77 2841.14
2202 -2722.58 1954.98
2203 -3028.22 2255.16
2204 -3615.49 4258.43
2205 4228.1 -4755.34
2206 -3350.82 -2731.36
2207 1519.43 3488.77
2208 -2661.96 4573.29
2209 -2477.79 -2499.67
2210 134.46 4394.04
2211 726.36 2575.02
2212 2489.13 3759.78
2213 -2325.33 -2236.54
2214 4151.28 -4211.99
2215 157.34 4159.22
2216 863.42 2934.1
2217 -3137.56 765.84
2218 3137.8 -4977.08
2219 2993.13 -3819.93
2220 2097.36 4213.72
2221 -2416.86 -1320.84
2222 3659.17 -449.38
2223 -2228.16 2070.47
2224 -3670.26 2849.17
2225 -4504.55 -4615.19
2226 -146.3 1577.81
2227 -1189.0 1529.74
2228 -2868.3 -4742.23
2229 4580.37 780.86
2230 -4103.65 3940.27
2231 -3528.8 -4056.35
2232 -822.65 -4123.82
2233 1865.91 -2468.04
2234 3588.44 -4475.54
2235 -110.92 2771.6
2236 2480.18 -848.0
2237 -4616.43 -1255.53
2238 -4539.09 2918.72
2239 1693.64 -1822.73
2240 2275.4 3136.59
2241 -1381.76 4058.44
2242 1827.38 -1868.26
2243 -1290.71 3506.5
2244 -4210.79 281.77
2245 3005.21 -3364.39
2246 742.27 -2700.49
2247 4921.51 -4247.34
2248 -2169.99 4263.36
2249 3527.68 2607.57
2250 361.01 2526.6
2251 720.24 138.35
2252 -1608.75 -4611.52
2253 3433.32 4898.67
2254 2718.5 1305.84
2255 1900.32 -4423.02
2256 1214.22 -1592.13
2257 -1789.06 -4777.0
2258 -1126.59 4394.1
2259 -1414.38 -1374.63
2260 1168.27 -1525.9
2261 -3875.9 -2605.37
2262 3811.96 -364.28
2263 -3045.48 -4588.57
2264 -1968.21 2422.94
2265 189.33 -4438.8
2266 2345.59 1877.5
2267 -3000.05 -3352.37
2268 1409.98 -3556.92
2269 2418.95 -1533.76
2270 144.29 1553.52
2271 -646.27 -3730.5
2272 -2596.97 966.9
2273 -1838.0 1610.49
2274 -1438.55 -469.56
2275 -1720.07 4740.71
2276 -4401.16 4227.11
2277 3467.01 -3356.54
2278 -2872.21 2274.6
2279 840.92 4337.39
2280 -1365.28 241.61
2281 -754.5 -1941.18
2282 470.07 2912.28
2283 -4670.28 -3367.43
2284 762.21 -2605.13
2285 1059.58 -2958.03
2286 -4330.74 1884.36
2287 3602.86 -1406.98
2288 243.02 -2495.28
2289 2145.23 255.77
2290 -79.06 534.33
2291 -4099.84 -3106.8
2292 155.77 4431.41
2293 4657.05 3481.41
2294 4774.66 -1865.86
2295 -4698.71 277.46
2296 154.99 -1303.57
2297 -1508.85 -2662.78
2298 -1450.62 2085.74
2299 4283.62 -2188.54
2300 -2320.31 2500.68
2301 -235.82 372.86
2302 -3549.74 135.9
2303 3068.8 128.97
2304 1184.13 3501.23
2305 26.47 3023.33
2306 -4211.15 3905.56
2307 1402.82 -3426.52
2308 -687.23 3687.13
2309 3337.25 4895.88
2310 949.46 2611.34
2311 -2036.02 3950.36
2312 -1480.58 -413.5
2313 1172.63 -2886.24
2314 4240.61 2779.74
2315 3218.89 4260.93
2316 -941.08 -4915.88
2317 2834.11 -4525.05
2318 3869.33 -1704.44
2319 -4598.35 226.28
2320 -148.59 -1013.63
2321 4694.9 2175.16
2322 -759.72 -2638.85
2323 3112.59 4167.26
2324 -1827.51 -1710.7
2325 -3724.54 1439.9
2326 -1310.06 -1523.67
2327 756.59 1119.71
2328 4352.31 3394.98
2329 -4438.19 -4089.42
2330 4320.72 1203.65
2331 1649.75 -3413.07
2332 -546.57 2806.45
2333 -4157.34 -3697.29
2334 1861.41 -2121.2
2335 -4336.82 324.71
2336 3598.79 -993.69
2337 -2263.51 1291.6
2338 -3615.81 868.22
2339 -1335.49 404.19
2340 -1633.44 -3993.34
2341 -2867.9 -310.32
2342 3858.94 4257.79
2343 -2926.12 1656.84
2344 -1740.95 2909.52
2345 -2784.0 -531.11
2346 3921.2 1379.48
2347 -4393.77 -3007.38
2348 -4893.53 -1526.7
2349 -4197.31 -1860.18
2350 -4412.47 2636.19
2351 100.46 2973.25
2352 2237.36 1500.92
2353 39.78 4042.18
2354 4393.76 -2165.62
2355 -3812.08 -4698.09
2356 3809.57 525.74
2357 2567.75 -1335.19
2358 -451.28 -3757.93
2359 -1536.98 3982.56
2360 2688.26 4878.69
2361 1314.64 2493.35
2362 -3016.18 -3081.79
2363 -1262.14 -2349.08
2364 -987.71 1519.47
2365 -4876.55 -4914.66
2366 2569.37 -3524.46
2367 1261.4 -4802.47
2368 2175.46 -4976.94
2369 3903.88 4368.13
2370 2612.09 3637.75
2371 -1663.81 4126.64
2372 4780.6 1046.32
2373 -599.86 -1440.78
2374 1090.34 -4352.95
2375 4284.6 4555.32
2376 2369.46 -3314.58
2377 3654.54 4928.97
2378 4426.75 -516.96
2379 2135.51 -4728.22
2380 -3883.66 -682.06
2381 4714.21 2435.52
2382 -4632.58 448.28
2383 -4312.1 4709.94
2384 -3737.73 -559.63
2385 1755.05 -2020.52
2386 4626.34 -4597.04
2387 3478.69 -2738.79
2388 2508.22 3763.88
2389 -4442.61 -2648.7
2390 4197.47 4774.99
2391 -2762.35 -1696.68
2392 2141.26 -2392.15
2393 -1027.5 2950.36
2394 3864.46 -821.08
2395 -470.13 -1743.71
2396 2437.72 -70.68
2397 -1211.78 524.75
2398 3932.36 -2928.91
2399 -158.32 2778.21
2400 1255.39 -1760.94
2401 -1242.54 -4422.86
2402 -4363.38 158.54
2403 -1542.22 -643.66
2404 641.42 -4572.84
2405 4117.13 2932.87
2406 -493.02 -2739.82
2407 2469.7 2128.98
2408 -1402.36 -2882.31
2409 -3452.5 -1405.39
2410 1420.65 3325.66
2411 4839.84 -4973.68
2412 -4590.96 -2884.76
2413 3249.53 2502.04
2414 4800.65 -342.6
2415 2876.29 1535.06
2416 2278.19 1071.91
2417 2744.15 -1320.04
2418 1809.32 -2889.28
2419 15.46 1398.49
2420 3955.61 1257.56
2421 -189.29 -3546.51
2422 786.8 -4640.37
2423 -2967.17 358.96
2424 2321.73 1866.03
2425 -4497.78 4187.44
2426 3998.28 975.69
2427 1915.25 -2930.5
2428 2050.91 -4083.61
2429 -3412.93 3883.97
2430 -1217.39 25.67
2431 4419.23 307.94
2432 3556.61 -3777.48
2433 -4286.28 793.73
2434 -4450.79 -428.73
2435 4985.04 -39.41
2436 1955.48 -519.54
2437 4262.4 1064.59
2438 3410.88 -3254.34
2439 3229.6 -3432.75
2440 2633.88 -1871.86
2441 -2663.5 1038.69
2442 -4055.3 2599.23
2443 -4668.9 3896.84
2444 -1993.27 -377.02
2445 -3352.1 -3010.8
2446 -3780.88 -4879.62
2447 3217.33 4720.7
2448 2157.12 -2991.63
2449 -1517.64 -994.75
2450 -2827.72 1116.3
2451 -1280.97 3823.67
2452 3080.5 1604.12
2453 -4164.68 2734.93
2454 2559.7 3978.04
2455 -1796.04 1499.31
2456 -4632.38 -3254.47
2457 -4131.55 3476.61
2458 -1174.59 4801.51
2459 3232.35 -1392.86
2460 2369.39 -567.98
2461 1920.14 -4764.58
2462 2303.32 -3304.94
2463 -2345.37 -3383.92
2464 1359.69 -2634.86
2465 -3074.59 1584.98
2466 2784.86 -697.09
2467 4647.18 3845.84
2468 3031.73 -2082.6
2469 3140.37 383.14
2470 -4383.43 -3068.54
2471 4712.58 -2621.53
2472 1144.08 -4658.5
2473 -1289.39 -1761.3
2474 -1293.96 -3976.78
2475 -1557.44 4876.98
2476 4626.02 -3166.23
2477 4352.85 -4098.6
2478 -4370.14 -3714.1
2479 4660.46 3829.16
2480 -3338.28 -1087.14
2481 -3489.46 -984.68
2482 -3288.72 1950.98
2483 1702.04 -1868.35
2484 -1608.7 2547.81
2485 -1572.42 4241.19
2486 3831.05 -2433.42
2487 -4566.52 3514.18
2488 98.9 908.04
2489 2719.0 3949.72
2490 4957.09 -1995.41
2491 2929.27 -1435.01
2492 -1068.97 3146.03
2493 -4942.53 -1278.63
2494 -2249.03 1326.51
2495 2386.08 578.52
2496 2545.15 3400.76
2497 -3128.76 430.73
2498 3106.45 3660.94
2499 -4881.81 724.73
2500 -2381.33 3620.1
2501 -4449.97 2633.45
2502 -3699.48 -3140.0
2503 2687.5 -1659.48
2504 532.61 3614.36
2505 1699.38 -1950.95
2506 -1277.29 563.87
2507 666.76 303.93
2508 -4530.62 -3095.92
2509 1653.14 -2468.17
2510 -4015.88 -2717.47
2511 -4632.8 -2258.93
2512 2426.59 4264.3
2513 -905.28 1604.4
2514 -1235.73 -3986.22
2515 -623.27 2093.02
2516 481.87 3245.53
2517 -2848.25 266.59
2518 -3687.98 7.96
2519 1362.67 -2481.49
2520 -2012.49 113.77
2521 -1141.61 -3910.7
2522 -836.43 -2270.68
2523 -2411.41 2096.29
2524 1341.6 -2716.34
2525 -1975.17 503.84
2526 -2911.76 3512.93
2527 -4841.41 -2056.73
2528 80.43 3108.12
2529 -1032.57 2248.42
2530 -1544.44 1666.54
2531 -1913.65 -3609.77
2532 189.25 -2555.17
2533 1764.14 4633.29
2534 3960.01 -3913.73
2535 2456.55 564.57
2536 4910.22 -3476.23
2537 489.3 -2825.63
2538 -309.41 3912.13
2539 -3913.19 -3730.72
2540 -3002.3 4777.95
2541 -4195.85 -1995.36
2542 3367.56 653.07
2543 3875.28 -2548.5
2544 1126.12 2538.69
2545 -1632.45 3995.81
2546 -4831.47 -3324.22
2547 4353.49 -608.22
2548 -3433.4 -3565.83
2549 2380.65 3796.08
2550 4823.23 1203.02
2551 3493.29 -3878.62
2552 2480.58 534.93
2553 -4891.86 2029.34
2554 782.88 -1140.39
2555 3419.44 2206.74
2556 582.08 -4618.34
2557 849.61 1829.35
2558 -3008.87 2410.08
2559 -630.28 -3760.22
2560 -3414.23 4721.41
2561 -1642.88 -4776.86
2562 -4816.58 -55.66
2563 -3781.27 3710.08
2564 -3848.82 -1170.14
2565 387.14 3415.24
2566 2177.81 4643.14
2567 2142.42 -1784.43
2568 -4661.06 1253.59
2569 -1061.48 3577.62
2570 4811.25 4451.98
2571 3509.77 -1509.14
2572 -3105.62 277.43
2573 3723.63 -4184.9
2574 3531.13 -316.26
2575 2905.28 -3378.84
2576 -184.31 16.44
2577 -3562.31 3662.52
2578 1701.63 3651.71
2579 2629.91 -2005.69
2580 -2803.15 -486.25
2581 -4606.1 3325.74
2582 3945.58 4206.7
2583 855.82 -2485.36
2584 -4451.49 2891.21
2585 -2796.3 2668.51
2586 3128.95 -1804.54
2587 1976.33 -4045.61
2588 -262.91 561.13
2589 -1754.12 4156.47
2590 -885.8 -4767.6
2591 1784.14 4079.86
2592 4853.44 -1640.18
2593 2168.97 -660.16
2594 2595.48 3500.86
2595 -2540.5 14.85
2596 3625.03 -882.66
2597 -3654.69 -3312.56
2598 3433.15 -2615.03
2599 1682.71 395.25
2600 -4664.57 568.89
2601 2668.94 4672.84
2602 -1202.74 -3251.6
2603 2238.99 3110.92
2604 -4718.6 1384.94
2605 -4313.24 567.94
2606 99.74 -1611.72
2607 63.42 -3107.99
2608 4110.41 -3005.73
2609 460.91 -1634.94
2610 -746.69 3079.08
2611 -40.69 -2430.31
2612 2409.67 2718.6
2613 1462.08 312.59
2614 1031.48 1027.83
2615 2394.98 -2445.99
2616 -4903.18 -654.16
2617 3255.1 1173.85
2618 106.14 -2100.33
2619 -1898.74 -757.95
2620 -3225.89 -1147.51
2621 1153.6 2766.31
2622 -3663.57 -1252.8
2623 -4628.35 -1071.12
2624 -2154.27 -3517.45
2625 2952.55 -596.65
2626 -1757.53 1791.51
2627 -3317.48 -4920.08
2628 -4093.5 -2627.17
2629 -1763.5 -2412.47
2630 444.28 1167.82
2631 -866.98 -1259.9
2632 3207.14 -2314.12
2633 -1275.93 919.47
2634 -2427.21 -3714.24
2635 2852.84 4067.54
2636 1713.61 2819.54
2637 1130.98 -205.64
2638 4334.77 -3225.4
2639 3748.42 1524.73
2640 1208.91 -1122.02
2641 2612.85 -4359.33
2642 -4595.35 3961.36
2643 -1389.82 -4977.48
2644 -1828.48 1780.24
2645 3035.28 -1632.16
2646 1791.34 -3856.87
2647 511.74 -2673.23
2648 -3638.4 3580.49
2649 -789.68 -816.85
2650 -2085.84 1307.48
2651 2859.96 3884.44
2652 -4584.87 954.63
2653 3773.96 3516.12
2654 -2058.37 1048.83
2655 3849.34 -4414.83
2656 3819.48 2416.6
2657 3929.25 4435.01
2658 -1919.54 936.21
2659 -3497.54 -922.45
2660 712.2 -4690.13
2661 -190.17 -4892.65
2662 1000.43 4765.15
2663 -3106.25 -4500.62
2664 2081.23 3671.58
2665 4868.78 2622.86
2666 -4215.34 -443.72
2667 -788.49 633.91
2668 1822.21 4408.93
2669 4874.13 -3755.67
2670 -2798.58 -3274.53
2671 2234.66 1501.12
2672 217.66 -2990.37
2673 4451.48 -1485.53
2674 3755.34 806.58
2675 -672.71 -68.79
2676 -304.84 449.04
2677 950.08 -3017.88
2678 -93.48 2395.76
2679 1915.84 14.23
2680 4095.5 2924.45
2681 577.36 -1373.58
2682 -4358.37 -2948.28
2683 -4551.94 4410.75
2684 2993.37 4039.49
2685 1221.74 -2769.64
2686 -146.65 3240.6
2687 -2892.46 825.16
2688 968.13 -1786.11
2689 -4522.36 -2937.31
2690 -2989.11 -2011.36
2691 3240.77 -1400.24
2692 -4525.46 -1621.57
2693 -430.48 -3903.92
2694 -1099.19 4271.27
2695 -1506.92 3601.18
2696 1322.91 35.49
2697 -1853.65 -481.02
2698 -1649.53 4981.81
2699 -3672.54 786.16
2700 -963.86 62.62
2701 4763.22 1326.15
2702 -1045.24 2785.89
2703 -1364.54 3682.61
2704 305.85 2277.58
2705 -4539.49 -470.77
2706 -1854.5 769.03
2707 1034.1 3506.62
2708 3284.89 2608.08
2709 3760.84 -1596.82
2710 40.54 -2333.31
2711 -2238.85 4142.85
2712 1817.51 -329.45
2713 -3918.67 4230.3
2714 2952.33 179.49
2715 3966.28 -1852.76
2716 -219.21 -1213.85
2717 -3726.27 1518.07
2718 -4336.22 -1011.98
2719 -4369.94 4274.49
2720 -4192.71 3903.39
2721 -4395.76 -396.48
2722 -2193.38 4307.79
2723 -3108.67 1178.56
2724 -3489.96 2221.11
2725 2469.76 -2975.27
2726 -2875.54 1425.62
2727 4928.24 -1053.04
2728 4344.35 647.24
2729 2483.63 3376.95
2730 2208.41 490.03
2731 -1292.14 4351.94
2732 -452.94 -4987.04
2733 -2213.68 -312.29
2734 -4633.32 -2667.76
2735 3295.95 2681.36
2736 2141.62 -2036.74
2737 4963.73 4477.33
2738 -4155.07 2172.42
2739 -3164.21 -4035.04
2740 3371.31 4714.95
2741 -3096.05 -1838.93
2742 -4479.6 1417.35
2743 4478.11 -832.33
2744 4626.48 747.54
2745 -2837.54 3356.4
2746 -2952.94 4287.07
2747 -1070.83 1144.87
2748 -4959.01 3782.02
2749 -330.65 4572.53
2750 2937.29 3415.41
2751 2180.94 2736.52
2752 -2213.37 -2398.94
2753 -2565.22 -4095.69
2754 -2164.17 637.77
2755 -1261.28 -2041.44
2756 -2847.73 -4659.84
2757 -555.15 3163.62
2758 -2352.24 -4675.98
2759 1248.32 -1885.73
2760 -1340.62 3854.75
2761 -2189.46 -347.56
2762 4085.5 -3179.44
2763 -1219.73 -794.55
2764 2161.56 4541.41
2765 -3486.35 2518.2
2766 3833.92 4969.35
2767 -2958.69 278.27
2768 2720.39 3680.51
2769 3792.85 4598.73
2770 -59.25 391.01
2771 -1152.98 -3455.65
2772 3811.39 -2006.72
2773 121.94 -3414.59
2774 -602.36 -2383.48
2775 -1473.14 3437.69
2776 2323.69 -4231.33
2777 -2745.05 4085.2
2778 -4006.03 1322.61
2779 3675.57 -4618.99
2780 1783.97 -3527.57
2781 -159.68 -3102.87
2782 864.45 -892.79
2783 -2513.41 -4410.53
2784 2864.4 121.74
2785 77.93 -1052.68
2786 -2016.79 -3745.39
2787 3364.38 3081.1
2788 -4505.51 -3574.72
2789 -3815.56 -3229.66
2790 3367.63 -2205.46
2791 2016.57 1920.61
2792 193.46 -2381.91
2793 712.91 -3758.81
2794 454.22 2975.72
2795 3783.77 917.76
2796 -1848.77 -1449.59
2797 -455.98 -4156.87
2798 -2856.68 935.14
2799 932.61 2552.31
2800 -4067.41 -4456.46
2801 3752.28 -2626.3
2802 3992.07 -3825.76
2803 -4348.39 -47.93
2804 -835.41 736.68
2805 -523.15 2733.2
2806 1282.01 4884.62
2807 2835.49 1395.69
2808 -3737.39 -296.15
2809 3235.92 4166.77
2810 2006.24 -4739.98
2811 -4175.97 -1130.98
2812 -570.14 2651.45
2813 4937.25 -3132.26
2814 -2865.48 2673.87
2815 1829.83 1054.7
2816 4526.76 1400.93
2817 -4312.87 2508.58
2818 1509.3 -2157.28
2819 -1076.49 205.98
2820 -3551.64 -3123.55
2821 -3571.04 4311.73
2822 -3846.16 -4144.57
2823 1076.46 -1163.85
2824 -1220.58 4919.44
2825 -4566.11 2581.55
2826 238.27 -3640.69
2827 -366.72 1250.37
2828 3904.14 1012.33
2829 -2205.49 -820.9
2830 -594.96 248.14
2831 -413.28 -925.71
2832 3198.59 3729.05
2833 2141.26 4418.25
2834 829.55 -1708.19
2835 3774.79 -4225.26
2836 -4909.13 2731.61
2837 1842.69 4099.87
2838 167.77 -452.85
2839 3078.17 1834.82
2840 -1757.08 -1528.54
2841 -407.0 -1411.53
2842 1567.43 -446.47
2843 -457.5 -2035.14
2844 1909.61 -3094.65
2845 4936.53 3115.79
2846 -3919.19 1868.84
2847 -4980.68 412.49
2848 3.46 -2011.86
2849 4397.19 -2928.04
2850 2662.81 -1578.16
2851 -2738.08 -2660.83
2852 1422.57 3455.32
2853 -3121.98 -4578.23
2854 551.36 2347.58
2855 -2909.79 3897.38
2856 2606.18 2682.76
2857 3546.96 -964.72
2858 3003.59 1230.51
2859 -3279.68 -1661.75
2860 -2279.26 -3968.11
2861 2610.9 -2748.33
2862 -1406.19 620.77
2863 1929.06 4804.79
2864 -2497.25 2393.08
2865 -4711.49 2525.68
2866 -3815.17 -4393.8
2867 3420.76 -139.91
2868 -4870.13 576.06
2869 246.74 722.8
2870 -1339.05 -2927.96
2871 2815.39 2057.06
2872 2681.61 3257.82
2873 2499.69 956.2
2874 1614.48 4026.53
2875 -4169.02 2660.4
2876 -1109.56 -1430.08
2877 2349.81 -2947.26
2878 -4862.26 3327.85
2879 -155.2 -4732.21
2880 3508.53 -4237.21
2881 -2610.96 -507.1
2882 203.73 -287.24
2883 -2059.15 -4152.72
2884 1547.53 -2910.39
2885 73.03 -728.47
2886 -3325.27 -4931.03
2887 118.35 2040.97
2888 2847.2 3014.05
2889 -4065.93 236.31
2890 -3243.67 330.34
2891 3918.94 1482.93
2892 334.69 -4677.47
2893 -4486.29 -1477.47
2894 -1942.73 -3860.1
2895 4330.73 1505.86
2896 -2915.27 1013.81
2897 -3413.74 -1613.24
2898 -1235.43 3980.89
2899 492.16 -370.68
2900 -2655.68 4739.72
2901 3842.54 -1826.07
2902 3070.49 3633.08
2903 -2243.2 4100.56
2904 -2302.68 2718.48
2905 -673.82 1978.75
2906 4652.06 2972.53
2907 1415.85 2698.37
2908 -3852.51 4578.52
2909 -2827.28 -4482.75
2910 -87.3 -4652.55
2911 -532.67 -1024.09
2912 -4509.65 3071.83
2913 -576.6 2301.43
2914 -1703.81 4114.12
2915 1018.95 1378.26
2916 -3073.45 302.2
2917 -2078.84 -3015.8
2918 -2376.4 4901.02
2919 3261.64 835.17
2920 3126.34 1655.42
2921 276.17 208.66
2922 2833.2 -2473.57
2923 -1221.48 -2537.18
2924 4446.2 1017.65
2925 141.18 422.0
2926 -3856.78 -295.9
2927 759.0 773.64
2928 2931.22 1691.06
2929 490.57 2675.0
2930 -2745.55 4361.96
2931 -2404.8 1839.63
2932 346.17 -2784.63
2933 -4224.2 815.57
2934 2366.89 1924.62
2935 -2442.08 -4464.77
2936 -3996.74 -2564.99
2937 -1312.09 2325.73
2938 -4830.79 -2644.27
2939 4248.72 -4905.36
2940 1011.89 676.05
2941 2385.77 -4279.21
2942 3452.74 4245.78
2943 -4523.54 1667.6
2944 -471.67 3534.38
2945 2981.78 4676.33
2946 3024.73 -4191.44
2947 -4582.76 2690.99
2948 -1364.27 -2962.48
2949 -1730.84 -1393.26
2950 -365.01 1989.63
2951 -1581.81 4317.36
2952 2950.03 359.72
2953 -32.83 -643.4
2954 3223.33 -1217.69
2955 1248.24 4819.63
2956 -2643.33 2910.63
2957 -4572.94 -785.08
2958 1292.78 3920.11
2959 -1714.53 1082.22
2960 1254.71 4034.5
2961 -2626.33 580.57
2962 3384.23 4716.49
2963 -2900.78 984.02
2964 2198.31 -2768.97
2965 -2646.56 -2439.2
2966 -770.51 -4823.8
2967 3677.31 2982.45
2968 4578.34 1505.17
2969 -767.81 -1662.33
2970 564.68 -1053.4
2971 3034.25 3580.8
2972 -4629.44 -61.71
2973 -3970.56 -816.57
2974 3974.76 2337.17
2975 3439.8 -1407.38
2976 378.24 -279.99
2977 2401.14 2038.6
2978 4341.19 4394.69
2979 -17.66 -1633.91
2980 4649.74 -2040.71
2981 4229.91 4348.4
2982 1741.33 -769.21
2983 -4033.51 -4103.71
2984 -4035.61 -4514.31
2985 -1479.73 3363.47
2986 -3132.12 -2482.21
2987 -2017.71 2363.83
2988 1947.34 -1372.2
2989 -215.81 4938.2
2990 -2174.43 -414.06
2991 1502.23 -2904.87
2992 -2037.11 -4399.88
2993 2734.18 2986.05
2994 -4994.97 1395.69
2995 -634.46 -2974.64
2996 -2401.04 3118.23
2997 -90.63 4893.89
2998 1569.91 -4034.4
2999 651.59 -684.05
3000 995.37 -1260.98
