x,y,id
288.0,149.0,1
280.0,133.0,280
288.0,129.0,2
270.0,133.0,3
260.0,129.0,279
252.0,125.0,278
256.0,141.0,4
246.0,141.0,277
236.0,145.0,276
228.0,145.0,275
220.0,145.0,274
212.0,145.0,273
204.0,145.0,272
196.0,145.0,271
188.0,145.0,16
172.0,145.0,17
164.0,145.0,18
156.0,145.0,19
148.0,145.0,20
140.0,145.0,21
132.0,145.0,128
124.0,145.0,127
116.0,145.0,126
104.0,145.0,125
104.0,153.0,30
104.0,161.0,31
104.0,169.0,32
116.0,161.0,29
124.0,169.0,28
132.0,169.0,27
140.0,169.0,26
148.0,169.0,22
156.0,169.0,25
164.0,169.0,23
172.0,169.0,24
188.0,169.0,14
196.0,169.0,13
204.0,169.0,12
212.0,169.0,11
220.0,169.0,10
228.0,169.0,8
236.0,169.0,7
228.0,161.0,9
246.0,157.0,6
256.0,157.0,5
228.0,125.0,260
228.0,117.0,259
228.0,109.0,258
228.0,101.0,257
228.0,93.0,254
228.0,85.0,253
228.0,77.0,208
228.0,69.0,207
236.0,69.0,210
236.0,77.0,209
236.0,85.0,252
236.0,93.0,255
236.0,101.0,256
252.0,101.0,249
260.0,109.0,248
268.0,97.0,247
276.0,101.0,244
284.0,101.0,241
284.0,93.0,240
284.0,85.0,239
284.0,77.0,238
276.0,77.0,231
276.0,69.0,232
276.0,61.0,233
276.0,53.0,234
284.0,53.0,235
284.0,61.0,236
284.0,69.0,237
276.0,85.0,246
276.0,93.0,245
260.0,93.0,250
260.0,85.0,251
260.0,77.0,230
260.0,69.0,229
260.0,61.0,228
260.0,53.0,227
260.0,45.0,226
260.0,37.0,225
260.0,29.0,224
252.0,21.0,223
236.0,21.0,222
236.0,29.0,219
236.0,37.0,218
236.0,45.0,215
236.0,53.0,214
236.0,61.0,211
228.0,61.0,212
228.0,53.0,213
228.0,45.0,216
228.0,37.0,217
228.0,29.0,220
228.0,21.0,221
196.0,49.0,203
188.0,41.0,202
180.0,45.0,200
180.0,53.0,144
180.0,61.0,143
180.0,69.0,142
180.0,77.0,141
180.0,85.0,140
172.0,85.0,139
172.0,93.0,138
172.0,101.0,137
172.0,109.0,136
172.0,117.0,135
172.0,125.0,134
180.0,125.0,270
180.0,117.0,269
180.0,109.0,268
180.0,101.0,267
180.0,93.0,266
188.0,93.0,265
196.0,101.0,264
204.0,109.0,263
212.0,117.0,262
220.0,125.0,261
196.0,161.0,15
164.0,137.0,133
156.0,137.0,132
148.0,137.0,131
140.0,137.0,130
132.0,137.0,129
124.0,125.0,154
124.0,117.0,155
124.0,109.0,153
124.0,101.0,156
124.0,93.0,152
124.0,85.0,151
124.0,77.0,177
124.0,69.0,176
124.0,61.0,181
132.0,61.0,180
140.0,65.0,179
132.0,81.0,178
148.0,85.0,150
164.0,81.0,149
172.0,77.0,148
172.0,69.0,147
172.0,61.0,146
172.0,53.0,145
172.0,45.0,199
172.0,37.0,198
172.0,29.0,197
172.0,21.0,194
180.0,21.0,195
180.0,29.0,196
180.0,37.0,201
156.0,25.0,193
162.0,9.0,192
148.0,9.0,191
136.0,9.0,190
128.0,9.0,189
120.0,9.0,188
124.0,21.0,187
124.0,29.0,185
124.0,37.0,184
124.0,45.0,183
124.0,53.0,182
104.0,49.0,161
104.0,41.0,162
104.0,33.0,163
104.0,25.0,164
104.0,17.0,165
92.0,9.0,166
80.0,9.0,167
72.0,9.0,168
64.0,21.0,169
56.0,17.0,101
56.0,9.0,100
44.0,11.0,99
32.0,17.0,98
32.0,25.0,93
24.0,25.0,94
16.0,25.0,95
16.0,17.0,96
24.0,17.0,97
44.0,27.0,92
44.0,35.0,91
44.0,43.0,90
40.0,51.0,89
48.0,51.0,109
56.0,49.0,108
56.0,41.0,104
56.0,33.0,103
56.0,25.0,102
72.0,25.0,170
80.0,25.0,171
80.0,25.0,172
80.0,41.0,173
72.0,41.0,106
64.0,41.0,105
72.0,49.0,107
88.0,49.0,174
104.0,57.0,175
104.0,65.0,160
104.0,73.0,159
104.0,81.0,158
104.0,89.0,157
104.0,97.0,119
104.0,105.0,120
104.0,113.0,121
104.0,121.0,122
104.0,129.0,123
104.0,137.0,124
80.0,157.0,34
90.0,165.0,33
64.0,165.0,36
64.0,157.0,35
56.0,161.0,38
56.0,169.0,37
56.0,153.0,39
56.0,145.0,40
56.0,137.0,41
56.0,129.0,42
56.0,121.0,43
56.0,113.0,60
56.0,105.0,61
56.0,97.0,118
56.0,89.0,117
56.0,81.0,115
56.0,73.0,114
56.0,65.0,111
56.0,57.0,110
48.0,63.0,112
40.0,63.0,88
32.0,65.0,83
32.0,57.0,82
32.0,49.0,81
32.0,41.0,80
24.0,45.0,79
16.0,57.0,76
8.0,57.0,75
8.0,65.0,74
8.0,73.0,73
8.0,81.0,72
8.0,89.0,71
8.0,97.0,70
16.0,97.0,67
24.0,89.0,66
32.0,89.0,65
32.0,97.0,64
40.0,99.0,63
48.0,99.0,62
48.0,83.0,116
40.0,83.0,86
32.0,81.0,85
32.0,73.0,84
40.0,73.0,87
48.0,73.0,113
40.0,113.0,59
40.0,121.0,44
40.0,129.0,45
40.0,137.0,46
40.0,145.0,47
40.0,153.0,48
40.0,161.0,49
40.0,169.0,50
32.0,169.0,51
32.0,161.0,52
32.0,153.0,53
32.0,145.0,54
32.0,137.0,55
32.0,129.0,56
32.0,121.0,57
32.0,113.0,58
16.0,109.0,68
8.0,109.0,69
8.0,49.0,77
8.0,41.0,78
132.0,21.0,186
204.0,57.0,204
212.0,65.0,205
220.0,73.0,206
280.0,109.0,243
288.0,109.0,242
288.0,149.0,1
