x,y,id
5639.0,6909.0,1
5659.0,6910.0,4
5659.0,6920.0,5
5690.0,6891.0,13
5671.0,6870.0,10
5682.0,6840.0,12
5663.0,6830.0,7
5694.0,6801.0,14
5722.0,6873.0,23
5731.0,6893.0,25
5698.0,6952.0,16
5748.0,6965.0,37
5749.0,6944.0,38
5780.0,6916.0,50
5872.0,6909.0,99
5851.0,6919.0,88
5840.0,6948.0,79
5799.0,6957.0,58
5818.0,6988.0,68
5847.0,6999.0,85
5867.0,7010.0,98
6149.0,7498.0,294
6161.0,7468.0,309
6181.0,7459.0,330
6202.0,7450.0,355
6233.0,7431.0,389
6204.0,7409.0,357
6280.0,7271.0,457
6302.0,7242.0,490
6401.0,7276.0,634
6362.0,7264.0,576
6373.0,7235.0,590
6344.0,7193.0,547
6357.0,7143.0,564
6398.0,7124.0,629
6409.0,7095.0,651
6370.0,7063.0,587
6350.0,7072.0,553
6329.0,7091.0,526
6288.0,7099.0,471
6277.0,7119.0,450
6236.0,7138.0,395
6227.0,7107.0,385
6166.0,7114.0,313
6154.0,7144.0,300
6174.0,7165.0,320
6191.0,7237.0,345
6189.0,7277.0,340
6156.0,7346.0,302
6167.0,7327.0,314
6217.0,7329.0,375
6246.0,7360.0,407
6277.0,7342.0,451
6328.0,7334.0,524
6317.0,7353.0,502
6356.0,7386.0,563
6357.0,7375.0,565
6377.0,7376.0,597
6408.0,7357.0,648
6438.0,7369.0,684
6460.0,7329.0,727
6480.0,7330.0,751
6500.0,7341.0,782
6541.0,7323.0,851
6572.0,7314.0,899
6580.0,7345.0,917
6322.0,7485.0,513
6340.0,7536.0,540
6318.0,7556.0,504
6299.0,7535.0,486
6270.0,7513.0,440
6239.0,7522.0,399
6218.0,7531.0,378
6217.0,7571.0,376
6215.0,7602.0,372
6224.0,7643.0,382
6193.0,7661.0,347
6142.0,7659.0,284
6143.0,7639.0,286
6124.0,7608.0,268
6146.0,7579.0,289
6176.0,7580.0,323
6177.0,7550.0,326
6128.0,7527.0,272
6200.0,7500.0,352
6323.0,6980.0,516
6332.0,7010.0,529
6383.0,7013.0,609
6404.0,6993.0,639
6433.0,7025.0,680
6453.0,7026.0,711
6461.0,7067.0,728
6479.0,7118.0,749
6448.0,7127.0,704
6437.0,7146.0,682
6415.0,7196.0,659
6414.0,7226.0,657
6484.0,7229.0,759
6466.0,7188.0,733
6477.0,7168.0,745
6527.0,7181.0,826
6569.0,7152.0,895
6620.0,7144.0,987
6651.0,7125.0,1035
6670.0,7146.0,1067
6689.0,7178.0,1094
6720.0,7169.0,1141
6711.0,7138.0,1123
6712.0,7108.0,1126
6723.0,7088.0,1146
6724.0,7078.0,1148
6734.0,7058.0,1166
6705.0,7047.0,1116
6674.0,7046.0,1073
6644.0,7044.0,1029
6623.0,7064.0,997
6602.0,7093.0,956
6572.0,7082.0,898
6573.0,7041.0,902
6585.0,7001.0,928
6566.0,6980.0,888
6577.0,6960.0,910
6568.0,6930.0,893
6559.0,6899.0,876
6529.0,6898.0,833
6518.0,6928.0,814
6477.0,6936.0,744
6488.0,6906.0,764
6459.0,6885.0,724
6438.0,6914.0,683
6189.0,6590.0,339
6190.0,6559.0,343
6150.0,6548.0,296
6162.0,6508.0,310
6182.0,6519.0,331
6223.0,6490.0,381
6235.0,6460.0,393
6236.0,6430.0,394
6257.0,6411.0,425
6249.0,6380.0,412
6238.0,6390.0,396
6187.0,6397.0,338
6186.0,6428.0,337
6174.0,6458.0,319
6164.0,6457.0,311
6143.0,6476.0,285
6122.0,6506.0,265
6120.0,6536.0,263
6024.0,6663.0,192
5966.0,6610.0,157
5964.0,6651.0,155
5963.0,6671.0,153
5892.0,6668.0,110
5744.0,6823.0,34
5746.0,6783.0,35
5776.0,6774.0,47
5788.0,6744.0,53
5758.0,6733.0,41
5829.0,6726.0,75
5841.0,6686.0,80
5861.0,6687.0,94
5842.0,6665.0,81
5833.0,6635.0,77
5864.0,6616.0,96
5905.0,6618.0,120
5917.0,6568.0,130
5949.0,6529.0,144
5961.0,6479.0,149
5963.0,6438.0,152
5964.0,6418.0,154
5975.0,6398.0,161
5975.0,6388.0,160
5946.0,6367.0,141
5905.0,6365.0,119
5884.0,6394.0,106
5853.0,6413.0,89
5833.0,6392.0,76
5802.0,6411.0,60
5822.0,6432.0,71
5820.0,6472.0,69
5800.0,6472.0,59
5799.0,6482.0,57
5748.0,6490.0,36
5730.0,6458.0,24
5670.0,6425.0,9
5701.0,6407.0,18
5722.0,6397.0,22
5741.0,6418.0,32
5720.0,6438.0,21
5761.0,6440.0,42
5763.0,6389.0,44
5744.0,6368.0,33
5736.0,6317.0,26
5756.0,6308.0,40
5776.0,6319.0,46
5777.0,6289.0,48
5789.0,6249.0,54
5810.0,6229.0,65
5822.0,6200.0,70
5813.0,6159.0,66
5844.0,6160.0,82
5873.0,6171.0,100
5874.0,6151.0,101
5855.0,6120.0,90
5867.0,6090.0,97
5827.0,6089.0,74
5797.0,6077.0,56
5808.0,6047.0,64
5779.0,6026.0,49
5790.0,5996.0,55
5740.0,5984.0,30
5738.0,6034.0,28
5737.0,6064.0,27
5774.0,6127.0,45
5784.0,6137.0,52
5783.0,6168.0,51
5762.0,6187.0,43
5741.0,6206.0,31
5750.0,6227.0,39
5738.0,6267.0,29
5716.0,6296.0,20
5698.0,6265.0,15
5669.0,6213.0,8
5661.0,6182.0,6
5701.0,6184.0,17
5712.0,6154.0,19
5673.0,6132.0,11
5652.0,6142.0,2
5654.0,6101.0,3
5848.0,6049.0,86
5860.0,6009.0,92
5891.0,6000.0,109
5902.0,5971.0,117
5920.0,6022.0,131
5909.0,6042.0,124
5928.0,6083.0,132
5959.0,6064.0,148
5957.0,6114.0,147
5945.0,6144.0,140
5914.0,6163.0,129
5944.0,6185.0,138
5953.0,6195.0,145
5932.0,6225.0,133
5941.0,6245.0,137
5940.0,6275.0,135
5949.0,6296.0,143
6250.0,6582.0,413
6251.0,6552.0,416
6280.0,6584.0,456
6320.0,6595.0,508
6331.0,6576.0,527
6342.0,6556.0,544
6302.0,6534.0,489
6295.0,6483.0,480
6306.0,6443.0,491
6338.0,6404.0,536
6348.0,6415.0,551
6406.0,6478.0,641
6402.0,6569.0,636
6329.0,6626.0,525
6369.0,6628.0,585
6381.0,6598.0,606
6400.0,6609.0,632
6527.0,6716.0,825
6504.0,6775.0,788
6466.0,6733.0,732
6457.0,6692.0,719
6498.0,6684.0,778
6470.0,6622.0,737
6441.0,6611.0,693
6473.0,6562.0,742
6455.0,6520.0,715
6485.0,6512.0,761
6515.0,6523.0,808
6514.0,6553.0,804
6663.0,6610.0,1049
6661.0,6651.0,1047
6791.0,6697.0,1261
6810.0,6718.0,1294
6852.0,6689.0,1367
6863.0,6670.0,1388
6955.0,6633.0,1539
6988.0,6584.0,1583
6948.0,6572.0,1528
6917.0,6591.0,1477
6915.0,6621.0,1474
6885.0,6610.0,1416
6867.0,6579.0,1393
6802.0,6434.0,1278
6831.0,6466.0,1327
6850.0,6487.0,1364
6913.0,6449.0,1469
6892.0,6469.0,1428
6882.0,6448.0,1409
6894.0,6418.0,1434
6884.0,6408.0,1413
6875.0,6397.0,1400
6815.0,6364.0,1301
6840.0,6254.0,1341
6881.0,6246.0,1407
6890.0,6277.0,1424
6922.0,6227.0,1491
6893.0,6216.0,1431
6863.0,6205.0,1387
6896.0,6135.0,1439
6937.0,6127.0,1513
6967.0,6128.0,1554
7017.0,6141.0,1642
7006.0,6170.0,1615
7025.0,6202.0,1654
7106.0,6185.0,1800
6945.0,6178.0,1523
6973.0,5987.0,1562
6994.0,5968.0,1597
7031.0,6060.0,1664
6960.0,6057.0,1546
6909.0,6065.0,1465
6922.0,6005.0,1490
6903.0,5974.0,1454
6935.0,5945.0,1506
6937.0,5905.0,1512
6885.0,5922.0,1415
6877.0,5882.0,1402
6888.0,5862.0,1419
6898.0,5862.0,1444
6998.0,5887.0,1604
6997.0,5907.0,1602
7027.0,5908.0,1660
7078.0,5901.0,1752
7130.0,5883.0,1838
7151.0,5853.0,1876
7111.0,5841.0,1806
7358.0,5751.0,2235
7350.0,5700.0,2215
7352.0,5650.0,2219
7514.0,6344.0,2499
7483.0,6353.0,2444
7486.0,6292.0,2453
7507.0,6263.0,2485
7518.0,6243.0,2506
7498.0,6232.0,2467
7479.0,6211.0,2437
7459.0,6210.0,2406
7447.0,6250.0,2391
7398.0,6218.0,2306
7377.0,6237.0,2266
7366.0,6267.0,2245
7346.0,6256.0,2206
7337.0,6225.0,2192
7298.0,6193.0,2132
7278.0,6192.0,2091
7238.0,6170.0,2013
7241.0,6120.0,2019
7271.0,6121.0,2077
7280.0,6132.0,2093
7310.0,6143.0,2149
7349.0,6175.0,2210
7379.0,6197.0,2270
7410.0,6168.0,2327
7402.0,6127.0,2317
7413.0,6097.0,2334
7445.0,6078.0,2388
7475.0,6080.0,2423
7456.0,6049.0,2404
7477.0,6039.0,2429
7478.0,6009.0,2431
7519.0,6001.0,2508
7569.0,6003.0,2587
7588.0,6044.0,2621
7556.0,6083.0,2567
7555.0,6103.0,2564
7595.0,6105.0,2632
7584.0,6135.0,2616
7624.0,6137.0,2675
7653.0,6168.0,2729
7684.0,6149.0,2779
7702.0,6191.0,2821
7865.0,6410.0,3095
7633.0,6400.0,2691
7644.0,6370.0,2715
7665.0,6351.0,2754
7688.0,6301.0,2786
7718.0,6303.0,2846
7749.0,6294.0,2891
7773.0,6194.0,2935
7795.0,6164.0,2972
7755.0,6142.0,2907
7786.0,6124.0,2953
7817.0,6105.0,3010
7826.0,6135.0,3025
7856.0,6147.0,3076
7864.0,6188.0,3094
7894.0,6209.0,3144
7852.0,6238.0,3068
7833.0,6207.0,3035
7801.0,6246.0,2983
7790.0,6265.0,2962
7760.0,6264.0,2914
7731.0,6242.0,2866
7711.0,6221.0,2837
7572.0,6175.0,2594
7539.0,6224.0,2537
7531.0,6183.0,2527
7472.0,6140.0,2419
7506.0,6061.0,2483
7805.0,5922.0,2989
7834.0,5954.0,3036
7961.0,6050.0,3244
7930.0,6079.0,3202
7989.0,6122.0,3289
8038.0,6145.0,3378
8012.0,6275.0,3329
7973.0,6253.0,3267
7952.0,6262.0,3232
7860.0,6289.0,3084
7839.0,6298.0,3050
7755.0,6375.0,2908
7752.0,6446.0,2896
7713.0,6424.0,2839
7618.0,6510.0,2669
7648.0,6522.0,2721
7644.0,6603.0,2716
7686.0,6574.0,2783
7705.0,6595.0,2826
7745.0,6607.0,2883
7747.0,6567.0,2886
7713.0,6636.0,2840
7613.0,6621.0,2660
7561.0,6660.0,2573
7563.0,6609.0,2576
7585.0,6570.0,2617
7557.0,6518.0,2570
7570.0,6448.0,2593
7589.0,6479.0,2623
7662.0,6432.0,2750
7660.0,6462.0,2747
7691.0,6463.0,2790
7720.0,6485.0,2850
7708.0,6525.0,2831
7759.0,6527.0,2912
7778.0,6538.0,2939
7819.0,6529.0,3014
7780.0,6487.0,2943
7792.0,6457.0,2966
7832.0,6459.0,3033
7824.0,6408.0,3021
7826.0,6378.0,3026
7867.0,6370.0,3100
7887.0,6361.0,3132
7889.0,6310.0,3134
7910.0,6291.0,3166
7920.0,6311.0,3185
7949.0,6323.0,3230
7938.0,6353.0,3218
7978.0,6354.0,3273
7967.0,6384.0,3258
7935.0,6423.0,3213
7953.0,6464.0,3236
7984.0,6466.0,3281
8013.0,6497.0,3331
8043.0,6499.0,3387
7930.0,6544.0,3203
7880.0,6532.0,3125
7892.0,6472.0,3140
7912.0,6493.0,3169
7952.0,6505.0,3233
7971.0,6526.0,3262
8000.0,6547.0,3308
7989.0,6567.0,3290
7998.0,6608.0,3302
8109.0,6603.0,3483
8137.0,6432.0,3524
8176.0,6454.0,3583
8154.0,6493.0,3546
8174.0,6504.0,3578
8225.0,6497.0,3660
8214.0,6516.0,3641
8193.0,6526.0,3607
8191.0,6586.0,3603
8171.0,6575.0,3571
8142.0,6543.0,3531
8304.0,6298.0,3772
8345.0,6300.0,3826
8343.0,6340.0,3824
8374.0,6331.0,3863
8406.0,6525.0,3909
8395.0,6544.0,3887
8393.0,6575.0,3883
8432.0,6607.0,3943
8444.0,6567.0,3960
8455.0,6547.0,3975
8494.0,6589.0,4032
8728.0,6559.0,4249
8748.0,6550.0,4266
8821.0,6967.0,4319
8669.0,7203.0,4204
8629.0,7202.0,4172
8628.0,7232.0,4170
8567.0,7239.0,4117
8596.0,7261.0,4143
8585.0,7291.0,4135
8543.0,7309.0,4084
8522.0,7339.0,4066
8491.0,7337.0,4027
8461.0,7346.0,3981
8709.0,7215.0,4235
8740.0,7196.0,4258
8722.0,7155.0,4243
8745.0,7096.0,4262
8746.0,7065.0,4264
8728.0,7014.0,4250
8819.0,7018.0,4316
8818.0,7048.0,4315
8879.0,7031.0,4351
8900.0,7001.0,4362
8922.0,6982.0,4374
8951.0,7003.0,4389
8939.0,7033.0,4384
8928.0,7073.0,4379
8866.0,7091.0,4339
8885.0,7132.0,4354
8911.0,7214.0,4369
8869.0,7253.0,4343
8839.0,7251.0,4327
8820.0,7230.0,4317
8797.0,7280.0,4302
8776.0,7299.0,4289
8746.0,7308.0,4265
8728.0,7257.0,4251
8782.0,7178.0,4295
8898.0,7294.0,4360
8902.0,7426.0,4363
8953.0,7428.0,4391
8974.0,7409.0,4403
8910.0,7487.0,4368
8877.0,7546.0,4350
8864.0,7606.0,4336
8903.0,7648.0,4365
8870.0,7697.0,4344
8879.0,7728.0,4352
8868.0,7748.0,4342
8876.0,7789.0,4349
8885.0,7809.0,4355
8865.0,7819.0,4337
8836.0,7777.0,4326
8797.0,7745.0,4303
8829.0,7706.0,4325
8811.0,7654.0,4311
8803.0,7614.0,4307
8771.0,7643.0,4287
8733.0,7600.0,4253
8702.0,7599.0,4230
8671.0,7628.0,4206
8634.0,7556.0,4177
8637.0,7475.0,4182
8651.0,7395.0,4191
8690.0,7427.0,4222
8688.0,7477.0,4220
8666.0,7517.0,4200
8695.0,7548.0,4225
8725.0,7539.0,4246
8755.0,7551.0,4274
8805.0,7563.0,4308
8807.0,7523.0,4310
8800.0,7452.0,4306
8781.0,7431.0,4292
8792.0,7401.0,4299
8812.0,7412.0,4312
8824.0,7352.0,4322
8806.0,7321.0,4309
8867.0,7313.0,4340
8886.0,7334.0,4356
8874.0,7364.0,4346
8925.0,7376.0,4376
8957.0,7337.0,4393
8939.0,7286.0,4385
8970.0,7267.0,4399
8971.0,7227.0,4400
8972.0,7207.0,4401
9064.0,7190.0,4435
9126.0,7163.0,4451
9128.0,7122.0,4453
9129.0,7082.0,4454
9120.0,7061.0,4450
9131.0,7042.0,4455
9083.0,6989.0,4441
9043.0,6987.0,4428
9002.0,6996.0,4412
8973.0,6954.0,4402
8994.0,6935.0,4410
9025.0,6936.0,4422
9056.0,6917.0,4432
9076.0,6928.0,4438
9108.0,6889.0,4448
9078.0,6867.0,4439
9140.0,6830.0,4457
9143.0,6779.0,4458
9134.0,6738.0,4456
9094.0,6737.0,4444
9087.0,6676.0,4442
9098.0,6646.0,4445
9110.0,6606.0,4449
9090.0,6595.0,4443
9060.0,6594.0,4433
9082.0,6544.0,4440
9127.0,6677.0,4452
9158.0,6901.0,4459
9166.0,6932.0,4460
9176.0,6953.0,4461
9060.0,7059.0,4434
9038.0,7088.0,4426
9007.0,7097.0,4414
9019.0,7057.0,4418
8996.0,6904.0,4411
8977.0,6873.0,4404
8875.0,6899.0,4348
8866.0,6858.0,4338
8766.0,6844.0,4281
8688.0,6780.0,4219
8700.0,6740.0,4228
8711.0,6720.0,4237
8722.0,6700.0,4242
8773.0,6682.0,4288
8663.0,6657.0,4199
8633.0,6646.0,4176
8612.0,6655.0,4156
8571.0,6663.0,4120
8560.0,6693.0,4110
8531.0,6672.0,4073
8543.0,6622.0,4083
8564.0,6592.0,4113
8555.0,6572.0,4104
8515.0,6570.0,4054
8515.0,6560.0,4053
8517.0,6530.0,4060
8487.0,6518.0,4018
8478.0,6497.0,4009
8448.0,6486.0,3968
8469.0,6457.0,3997
8491.0,6417.0,4026
8551.0,6430.0,4097
8539.0,6470.0,4078
8558.0,6511.0,4107
8589.0,6482.0,4140
8618.0,6514.0,4161
8608.0,6523.0,4154
8597.0,6533.0,4145
8639.0,6494.0,4183
8669.0,6506.0,4203
8667.0,6556.0,4201
8686.0,6587.0,4216
8636.0,6585.0,4180
8625.0,6605.0,4166
8594.0,6604.0,4142
8641.0,6687.0,4186
8639.0,6737.0,4184
8628.0,6757.0,4169
8579.0,6724.0,4126
8548.0,6733.0,4091
8547.0,6763.0,4089
8566.0,6784.0,4116
8597.0,6766.0,4146
8637.0,6788.0,4181
8614.0,6837.0,4157
8575.0,6815.0,4123
8551.0,6905.0,4098
8553.0,6865.0,4100
8502.0,6863.0,4044
8481.0,6872.0,4012
8441.0,6880.0,3956
8452.0,6850.0,3972
8474.0,6811.0,4003
8495.0,6802.0,4034
8516.0,6782.0,4059
8486.0,6761.0,4017
8478.0,6710.0,4010
8489.0,6700.0,4021
8490.0,6670.0,4022
8492.0,6640.0,4030
8471.0,6649.0,3999
8441.0,6648.0,3955
8401.0,6636.0,3902
8399.0,6666.0,3897
8408.0,6697.0,3911
8407.0,6727.0,3910
8385.0,6756.0,3874
8356.0,6745.0,3842
8324.0,6764.0,3803
8334.0,6784.0,3816
8313.0,6804.0,3784
8272.0,6812.0,3728
8261.0,6832.0,3711
8231.0,6820.0,3668
8200.0,6829.0,3615
8162.0,6787.0,3560
8174.0,6747.0,3579
8165.0,6716.0,3562
8134.0,6735.0,3516
8091.0,6774.0,3457
8073.0,6733.0,3429
8054.0,6701.0,3403
8033.0,6721.0,3364
8002.0,6729.0,3311
7971.0,6758.0,3263
7940.0,6777.0,3222
7878.0,6795.0,3120
7917.0,6827.0,3178
7945.0,6879.0,3226
7966.0,6859.0,3254
8006.0,6881.0,3317
8036.0,6883.0,3373
8056.0,6883.0,3405
8058.0,6843.0,3408
8080.0,6814.0,3439
8120.0,6815.0,3496
8159.0,6837.0,3556
8148.0,6877.0,3538
8117.0,6876.0,3489
8135.0,6927.0,3519
8095.0,6936.0,3464
8123.0,6987.0,3501
8174.0,6969.0,3580
8176.0,6929.0,3584
8216.0,6941.0,3643
8224.0,6972.0,3659
8256.0,6943.0,3700
8275.0,6974.0,3734
8305.0,6975.0,3774
8303.0,7016.0,3770
8323.0,7027.0,3799
8345.0,6997.0,3827
8395.0,7009.0,3888
8393.0,7050.0,3884
8372.0,7069.0,3861
8380.0,7110.0,3870
8399.0,7131.0,3898
8421.0,7102.0,3924
8423.0,7061.0,3929
8464.0,7043.0,3989
8485.0,7034.0,4016
8515.0,7025.0,4055
8506.0,7004.0,4045
8546.0,7006.0,4087
8586.0,7018.0,4136
8618.0,6979.0,4162
8630.0,6939.0,4173
8600.0,6938.0,4147
8591.0,6917.0,4141
8602.0,6887.0,4149
8632.0,6888.0,4174
8652.0,6899.0,4193
8674.0,6860.0,4209
8686.0,6830.0,4217
8727.0,6802.0,4248
8737.0,6812.0,4256
8748.0,6792.0,4267
8769.0,6773.0,4283
8770.0,6743.0,4284
8750.0,6742.0,4268
8771.0,6723.0,4285
8791.0,6734.0,4298
8822.0,6715.0,4320
8813.0,6694.0,4313
8843.0,6685.0,4329
8874.0,6677.0,4345
8895.0,6667.0,4358
8903.0,6708.0,4364
8922.0,6729.0,4373
8943.0,6710.0,4387
8954.0,6690.0,4392
8985.0,6691.0,4406
9005.0,6682.0,4413
8986.0,6651.0,4407
8988.0,6621.0,4408
9009.0,6602.0,4415
9030.0,6572.0,4423
9022.0,6541.0,4420
9012.0,6531.0,4417
9043.0,6512.0,4427
9024.0,6481.0,4421
9045.0,6462.0,4429
8994.0,6490.0,4409
8962.0,6509.0,4395
8961.0,6539.0,4394
8969.0,6590.0,4396
8948.0,6609.0,4388
8917.0,6628.0,4371
8936.0,6649.0,4383
8919.0,6577.0,4372
9037.0,6653.0,4425
9046.0,6684.0,4430
9054.0,6715.0,4431
9033.0,6734.0,4424
9072.0,6766.0,4437
9102.0,6778.0,4447
9101.0,6798.0,4446
9070.0,6817.0,4436
9020.0,6814.0,4419
9011.0,6784.0,4416
8970.0,6802.0,4398
8969.0,6822.0,4397
8940.0,6801.0,4386
8931.0,6760.0,4381
8952.0,6741.0,4390
8983.0,6742.0,4405
8900.0,6779.0,4361
8891.0,6748.0,4357
8852.0,6726.0,4332
8840.0,6756.0,4328
8829.0,6796.0,4324
8868.0,6818.0,4341
8898.0,6829.0,4359
8907.0,6860.0,4367
8926.0,6871.0,4377
8925.0,6901.0,4375
8913.0,6941.0,4370
8883.0,6940.0,4353
8853.0,6938.0,4333
8824.0,6907.0,4321
8782.0,6925.0,4294
8771.0,6945.0,4286
8781.0,6966.0,4291
8750.0,6964.0,4269
8732.0,6933.0,4252
8743.0,6903.0,4259
8734.0,6873.0,4254
8703.0,6902.0,4231
8691.0,6931.0,4223
8700.0,6972.0,4229
8698.0,7013.0,4227
8687.0,7032.0,4218
8685.0,7073.0,4215
8635.0,7050.0,4178
8643.0,7111.0,4187
8602.0,7120.0,4150
8561.0,7138.0,4112
8506.0,7227.0,4046
8484.0,7266.0,4014
8445.0,7244.0,3963
8480.0,7377.0,4011
8499.0,7408.0,4039
8519.0,7409.0,4063
8550.0,7380.0,4095
8622.0,7353.0,4163
8643.0,7334.0,4188
8694.0,7326.0,4224
8763.0,7359.0,4279
8743.0,7368.0,4260
8752.0,7389.0,4272
8712.0,7387.0,4239
8710.0,7428.0,4236
8750.0,7439.0,4270
8738.0,7489.0,4257
8646.0,7738.0,4189
8676.0,7750.0,4210
8705.0,7781.0,4232
8713.0,7812.0,4240
8722.0,7843.0,4244
8744.0,7803.0,4261
8814.0,7826.0,4314
8792.0,7866.0,4300
8820.0,7918.0,4318
8851.0,7899.0,4331
8862.0,7879.0,4335
8903.0,7861.0,4366
8934.0,7862.0,4382
8926.0,7811.0,4378
8930.0,7720.0,4380
8849.0,7949.0,4330
8858.0,7980.0,4334
8826.0,8009.0,4323
8795.0,8038.0,4301
8764.0,8037.0,4280
8783.0,8068.0,4296
8762.0,8097.0,4278
8759.0,8168.0,4276
8707.0,8186.0,4234
8705.0,8226.0,4233
8745.0,8248.0,4263
8723.0,8287.0,4245
8752.0,8309.0,4273
8781.0,8341.0,4293
8750.0,8359.0,4271
8759.0,8390.0,4277
8758.0,8410.0,4275
8787.0,8432.0,4297
8799.0,8402.0,4305
8736.0,8450.0,4255
8696.0,8448.0,4226
8684.0,8488.0,4214
8683.0,8508.0,4213
8651.0,8537.0,4192
8624.0,8475.0,4165
8581.0,8534.0,4130
8718.0,8409.0,4241
8711.0,8338.0,4238
8661.0,8315.0,4197
8622.0,8283.0,4164
8604.0,8242.0,4151
8615.0,8212.0,4159
8655.0,8214.0,4194
8673.0,8265.0,4208
8532.0,8259.0,4074
8554.0,8230.0,4103
8565.0,8200.0,4114
8545.0,8189.0,4086
8578.0,8140.0,4125
8550.0,8078.0,4096
8581.0,8059.0,4128
8632.0,8061.0,4175
8673.0,8043.0,4207
8662.0,8073.0,4198
8640.0,8112.0,4185
8659.0,8143.0,4195
8628.0,8142.0,4171
8617.0,8172.0,4160
8676.0,7982.0,4211
8635.0,7980.0,4179
8615.0,7980.0,4158
8584.0,7988.0,4134
8576.0,7947.0,4124
8627.0,7929.0,4167
8678.0,7932.0,4212
8688.0,7922.0,4221
8670.0,7891.0,4205
8661.0,7860.0,4196
8600.0,7868.0,4148
8552.0,7795.0,4099
8491.0,7812.0,4028
8521.0,7814.0,4065
8541.0,7835.0,4082
8499.0,7863.0,4040
8468.0,7872.0,3996
8438.0,7871.0,3953
8387.0,7868.0,3876
8349.0,7816.0,3834
8311.0,7774.0,3782
8362.0,7766.0,3850
8401.0,7798.0,3903
8431.0,7800.0,3941
8422.0,7769.0,3926
8424.0,7718.0,3930
8446.0,7689.0,3966
8437.0,7668.0,3950
8458.0,7639.0,3978
8498.0,7661.0,4038
8558.0,7664.0,4108
8539.0,7643.0,4079
8571.0,7604.0,4121
8553.0,7552.0,4101
8584.0,7533.0,4133
8596.0,7493.0,4144
8587.0,7463.0,4138
8556.0,7471.0,4106
8515.0,7500.0,4056
8476.0,7468.0,4006
8446.0,7457.0,3965
8434.0,7496.0,3945
8442.0,7547.0,3957
8420.0,7577.0,3921
8379.0,7595.0,3866
8348.0,7614.0,3832
8308.0,7602.0,3778
8295.0,7662.0,3760
8324.0,7694.0,3804
8283.0,7712.0,3745
8264.0,7691.0,3715
8204.0,7668.0,3624
8172.0,7697.0,3573
8133.0,7685.0,3514
8091.0,7714.0,3458
8040.0,7722.0,3384
8001.0,7700.0,3309
7854.0,7582.0,3071
7823.0,7591.0,3020
7782.0,7610.0,2947
7877.0,7513.0,3118
7836.0,7521.0,3041
7786.0,7519.0,2954
7601.0,7581.0,2644
7592.0,7561.0,2628
7537.0,7670.0,2536
7578.0,7641.0,2607
7597.0,7682.0,2636
7565.0,7711.0,2579
7544.0,7731.0,2543
7615.0,7724.0,2664
7653.0,7786.0,2730
7704.0,7768.0,2823
7706.0,7738.0,2827
7707.0,7697.0,2829
7747.0,7709.0,2887
7749.0,7669.0,2892
7770.0,7649.0,2928
7790.0,7650.0,2963
7809.0,7681.0,2995
7787.0,7721.0,2955
7828.0,7723.0,3029
7856.0,7764.0,3078
7855.0,7795.0,3074
7884.0,7826.0,3128
7904.0,7837.0,3157
7925.0,7808.0,3194
7966.0,7800.0,3255
7967.0,7769.0,3259
7907.0,7767.0,3162
7870.0,7684.0,3106
7851.0,7643.0,3064
7903.0,7625.0,3156
7931.0,7667.0,3206
7971.0,7689.0,3264
7982.0,7659.0,3276
8033.0,7661.0,3366
8063.0,7652.0,3412
8155.0,7626.0,3549
8138.0,7554.0,3527
8244.0,7458.0,3682
8203.0,7466.0,3623
8212.0,7497.0,3636
8180.0,7516.0,3588
8189.0,7557.0,3600
8207.0,7598.0,3628
8257.0,7610.0,3703
8238.0,7589.0,3670
8249.0,7559.0,3693
8351.0,7553.0,3837
8333.0,7502.0,3813
8416.0,7445.0,3920
8395.0,7454.0,3890
8378.0,7393.0,3865
8357.0,7402.0,3843
8296.0,7420.0,3762
8265.0,7428.0,3718
8248.0,7367.0,3691
8217.0,7376.0,3647
8187.0,7354.0,3597
8077.0,7329.0,3434
8028.0,7297.0,3355
8071.0,7248.0,3423
8121.0,7260.0,3497
8113.0,7209.0,3485
8153.0,7221.0,3544
8173.0,7232.0,3576
8184.0,7213.0,3594
8244.0,7225.0,3681
8281.0,7075.0,3743
8272.0,7045.0,3729
8242.0,7023.0,3675
8031.0,7004.0,3361
8034.0,6943.0,3369
8034.0,6923.0,3368
8020.0,6781.0,3340
8040.0,6802.0,3383
8008.0,6831.0,3322
7979.0,6809.0,3275
7891.0,6725.0,3139
7932.0,6716.0,3207
7964.0,6687.0,3250
7986.0,6648.0,3284
8026.0,6650.0,3347
8067.0,6651.0,3416
8058.0,6621.0,3407
8049.0,6600.0,3398
8040.0,6569.0,3382
8091.0,6551.0,3456
8092.0,6541.0,3461
8092.0,6521.0,3460
8074.0,6490.0,3431
8104.0,6481.0,3475
8085.0,6450.0,3445
8066.0,6439.0,3414
8035.0,6438.0,3372
8015.0,6437.0,3333
8027.0,6407.0,3351
8039.0,6357.0,3379
8010.0,6336.0,3325
8000.0,6315.0,3307
8031.0,6316.0,3360
8062.0,6297.0,3411
8091.0,6319.0,3455
8080.0,6339.0,3438
8109.0,6380.0,3482
8159.0,6393.0,3555
8190.0,6374.0,3601
8209.0,6405.0,3629
8249.0,6407.0,3692
8289.0,6418.0,3753
8267.0,6448.0,3722
8246.0,6467.0,3688
8276.0,6479.0,3737
8254.0,6518.0,3699
8264.0,6539.0,3714
8242.0,6558.0,3674
8231.0,6578.0,3667
8250.0,6609.0,3694
8220.0,6618.0,3652
8199.0,6637.0,3613
8169.0,6626.0,3567
8157.0,6655.0,3552
8217.0,6688.0,3646
8245.0,6720.0,3684
8245.0,6740.0,3685
8265.0,6731.0,3717
8224.0,6749.0,3658
8243.0,6780.0,3676
8308.0,6672.0,3777
8292.0,6590.0,3756
8293.0,6560.0,3757
8324.0,6531.0,3802
8337.0,6481.0,3819
8328.0,6451.0,3807
8367.0,6472.0,3855
8399.0,6454.0,3896
8421.0,6414.0,3923
8393.0,6362.0,3882
8372.0,6372.0,3860
8371.0,6382.0,3857
8331.0,6390.0,3810
8281.0,6378.0,3742
8253.0,6326.0,3697
8202.0,6334.0,3619
8203.0,6304.0,3622
8174.0,6282.0,3577
8152.0,6311.0,3543
8131.0,6331.0,3512
8103.0,6269.0,3471
8105.0,6239.0,3478
8135.0,6240.0,3518
8136.0,6210.0,3521
8149.0,6160.0,3540
8077.0,6187.0,3433
8045.0,6216.0,3391
7985.0,6193.0,3283
7944.0,6221.0,3225
7935.0,6191.0,3212
7906.0,6159.0,3159
7899.0,6098.0,3150
7890.0,6067.0,3136
7881.0,6027.0,3126
7849.0,6066.0,3062
7820.0,6044.0,3017
7811.0,6024.0,3002
7802.0,5993.0,2984
7770.0,6022.0,2926
7788.0,6073.0,2958
7717.0,6090.0,2845
7677.0,6088.0,2770
7667.0,6078.0,2758
7658.0,6057.0,2740
7627.0,6076.0,2681
7636.0,6087.0,2700
7639.0,6016.0,2705
7651.0,5976.0,2727
7681.0,5977.0,2777
7690.0,6018.0,2788
7699.0,6039.0,2812
7613.0,5924.0,2659
7551.0,5952.0,2555
7532.0,5931.0,2530
7452.0,5897.0,2399
7444.0,5856.0,2386
7386.0,5803.0,2287
7345.0,5801.0,2204
7317.0,5759.0,2162
7287.0,5758.0,2105
7295.0,5809.0,2125
7294.0,5829.0,2124
7292.0,5859.0,2119
7301.0,5890.0,2139
7341.0,5892.0,2199
7320.0,5931.0,2165
7329.0,5952.0,2182
7359.0,5943.0,2237
7358.0,5973.0,2236
7377.0,5995.0,2264
7377.0,6015.0,2265
7355.0,6034.0,2229
7385.0,6045.0,2286
7426.0,6037.0,2356
7417.0,6006.0,2342
7398.0,5975.0,2305
7430.0,5936.0,2364
7449.0,5967.0,2394
7391.0,5914.0,2294
7279.0,5930.0,2092
7287.0,5970.0,2106
7247.0,5969.0,2032
7255.0,6009.0,2051
7275.0,6030.0,2087
7314.0,6052.0,2159
7353.0,6084.0,2223
7272.0,6091.0,2080
7213.0,6058.0,1975
7210.0,6119.0,1966
7119.0,6125.0,1822
7077.0,6153.0,1747
7058.0,6132.0,1713
7039.0,6111.0,1678
7061.0,6072.0,1718
7071.0,6062.0,1737
7090.0,6083.0,1775
7122.0,6064.0,1827
7123.0,6044.0,1828
7143.0,6045.0,1866
7073.0,6012.0,1741
7043.0,6020.0,1687
7034.0,5990.0,1670
7055.0,5970.0,1708
7066.0,5951.0,1730
7085.0,5972.0,1765
7084.0,5992.0,1762
7104.0,6013.0,1797
7137.0,5933.0,1852
7126.0,5963.0,1833
7195.0,5997.0,1933
7219.0,5917.0,1989
7202.0,5855.0,1948
7204.0,5805.0,1952
7163.0,5813.0,1898
7101.0,5841.0,1791
6804.0,5939.0,1281
6824.0,5940.0,1308
6845.0,5921.0,1351
6854.0,5951.0,1372
6851.0,6002.0,1366
6849.0,6052.0,1362
6847.0,6093.0,1357
6836.0,6123.0,1335
6845.0,6143.0,1352
6813.0,6182.0,1298
6815.0,6152.0,1300
6805.0,6131.0,1283
6795.0,6141.0,1267
6774.0,6160.0,1232
6734.0,6138.0,1165
6733.0,6158.0,1162
6742.0,6199.0,1180
6720.0,6229.0,1139
6750.0,6250.0,1194
6769.0,6271.0,1225
6777.0,6322.0,1235
6808.0,6303.0,1290
6829.0,6294.0,1320
6858.0,6305.0,1382
6857.0,6336.0,1379
6907.0,6338.0,1460
6907.0,6358.0,1461
6915.0,6389.0,1473
6935.0,6410.0,1507
6957.0,6370.0,1544
6948.0,6330.0,1527
6950.0,6289.0,1531
6951.0,6259.0,1533
6953.0,6229.0,1535
6993.0,6241.0,1594
7032.0,6263.0,1667
7062.0,6264.0,1722
7061.0,6294.0,1719
7040.0,6313.0,1680
7049.0,6334.0,1697
7017.0,6373.0,1643
7007.0,6373.0,1616
6995.0,6413.0,1600
6994.0,6433.0,1598
7034.0,6455.0,1671
7043.0,6485.0,1688
7012.0,6494.0,1629
7010.0,6535.0,1623
6990.0,6524.0,1590
6962.0,6482.0,1549
6941.0,6491.0,1518
6910.0,6520.0,1467
6889.0,6539.0,1421
6859.0,6528.0,1384
6839.0,6527.0,1340
6827.0,6557.0,1314
6797.0,6545.0,1268
6785.0,6595.0,1249
6804.0,6617.0,1282
6803.0,6657.0,1280
6752.0,6655.0,1197
6740.0,6705.0,1177
6700.0,6683.0,1108
6659.0,6711.0,1045
6678.0,6732.0,1082
6717.0,6754.0,1134
6758.0,6756.0,1211
6746.0,6786.0,1185
6764.0,6837.0,1218
6753.0,6857.0,1201
6802.0,6899.0,1279
6770.0,6939.0,1228
6777.0,7020.0,1236
6828.0,7012.0,1318
6848.0,7013.0,1359
6867.0,7034.0,1394
6887.0,7035.0,1418
6906.0,7056.0,1458
6937.0,7057.0,1514
6936.0,7077.0,1510
6935.0,7107.0,1508
6913.0,7137.0,1471
6892.0,7166.0,1429
6872.0,7155.0,1398
6879.0,7216.0,1404
6888.0,7237.0,1420
6867.0,7266.0,1395
6907.0,7268.0,1462
6947.0,7280.0,1526
6977.0,7291.0,1571
7017.0,7303.0,1644
7046.0,7325.0,1690
7045.0,7365.0,1689
7063.0,7396.0,1723
7085.0,7377.0,1767
7082.0,7427.0,1759
7103.0,7428.0,1796
7090.0,7488.0,1777
7118.0,7530.0,1821
7149.0,7531.0,1874
7198.0,7554.0,1939
7229.0,7545.0,2001
7217.0,7595.0,1984
7266.0,7627.0,2069
7296.0,7639.0,2127
7295.0,7659.0,2126
7313.0,7690.0,2157
7344.0,7681.0,2203
7311.0,7741.0,2153
7350.0,7773.0,2217
7349.0,7813.0,2212
7348.0,7823.0,2209
7299.0,7801.0,2136
7250.0,7758.0,2038
7209.0,7766.0,1965
7177.0,7795.0,1918
7138.0,7773.0,1854
7160.0,7724.0,1894
7121.0,7702.0,1825
7070.0,7700.0,1735
7068.0,7750.0,1733
7046.0,7800.0,1691
7026.0,7789.0,1657
7005.0,7818.0,1614
6976.0,7787.0,1568
6998.0,7747.0,1605
7009.0,7727.0,1620
7000.0,7697.0,1608
7021.0,7667.0,1648
7002.0,7646.0,1610
7013.0,7616.0,1633
6973.0,7625.0,1563
6951.0,7654.0,1534
6941.0,7644.0,1519
6930.0,7673.0,1502
6959.0,7695.0,1545
6908.0,7713.0,1463
6927.0,7744.0,1498
6886.0,7762.0,1417
6884.0,7803.0,1414
6852.0,7842.0,1370
6880.0,7894.0,1406
6899.0,7915.0,1447
6921.0,7885.0,1488
6923.0,7845.0,1495
6962.0,7867.0,1550
7011.0,7899.0,1627
6999.0,7939.0,1607
7019.0,7960.0,1646
7048.0,7982.0,1695
7067.0,8013.0,1731
7065.0,8063.0,1727
7115.0,8066.0,1816
7138.0,8006.0,1855
7200.0,7978.0,1944
7239.0,8000.0,2015
7260.0,7981.0,2058
7270.0,8002.0,2076
7289.0,8023.0,2114
7277.0,8053.0,2090
7245.0,8092.0,2028
7265.0,8103.0,2067
7293.0,8154.0,2123
7302.0,8175.0,2141
7280.0,8214.0,2095
7260.0,8214.0,2059
7258.0,8264.0,2056
7247.0,8284.0,2034
7236.0,8303.0,2010
7216.0,8313.0,1983
7204.0,8353.0,1953
7164.0,8341.0,1902
7136.0,8279.0,1851
7085.0,8287.0,1768
7057.0,8245.0,1712
7027.0,8224.0,1662
7059.0,8195.0,1716
7098.0,8227.0,1786
7149.0,8219.0,1875
7200.0,8201.0,1945
7242.0,8162.0,2023
7194.0,8110.0,1932
7186.0,8069.0,1924
7152.0,8158.0,1879
7131.0,8157.0,1840
7112.0,8136.0,1809
7042.0,8113.0,1683
7011.0,8132.0,1628
7010.0,8152.0,1625
6980.0,8151.0,1573
6981.0,8131.0,1575
7003.0,8091.0,1612
6994.0,8060.0,1599
6973.0,8070.0,1564
6942.0,8088.0,1521
6912.0,8097.0,1468
6900.0,8127.0,1448
6879.0,8146.0,1405
6918.0,8178.0,1482
6968.0,8201.0,1558
6988.0,8192.0,1585
6956.0,8231.0,1542
6935.0,8260.0,1509
6904.0,8259.0,1455
6894.0,8278.0,1436
6864.0,8257.0,1389
6843.0,8276.0,1346
6783.0,8274.0,1246
6743.0,8252.0,1182
6693.0,8239.0,1102
6673.0,8238.0,1072
6631.0,8277.0,1006
6640.0,8308.0,1022
6609.0,8317.0,969
6568.0,8315.0,894
6580.0,8285.0,918
6602.0,8235.0,957
6637.0,8358.0,1016
6606.0,8377.0,962
6584.0,8417.0,927
6565.0,8395.0,884
6535.0,8384.0,844
6518.0,8313.0,815
6456.0,8340.0,718
6334.0,8355.0,533
6245.0,8553.0,405
6225.0,8532.0,383
6185.0,8520.0,336
6209.0,8441.0,362
6252.0,8392.0,418
6282.0,8393.0,461
6273.0,8363.0,444
6295.0,8323.0,481
6327.0,8294.0,523
6318.0,8263.0,505
6358.0,8265.0,569
6482.0,8432.0,754
6513.0,8424.0,802
6511.0,8464.0,798
6552.0,8456.0,864
6950.0,8604.0,1532
6900.0,8592.0,1450
6850.0,8570.0,1365
6916.0,8451.0,1476
6922.0,8330.0,1493
6936.0,8462.0,1511
7058.0,8437.0,1714
7060.0,8407.0,1717
7012.0,8344.0,1631
7042.0,8346.0,1684
7033.0,8315.0,1669
6984.0,8282.0,1579
7025.0,8274.0,1656
7252.0,7930.0,2045
7423.0,7958.0,2351
7445.0,7908.0,2389
7397.0,7856.0,2303
7438.0,7847.0,2375
7410.0,7806.0,2328
7401.0,7765.0,2314
7392.0,7744.0,2296
7424.0,7705.0,2353
7443.0,7726.0,2385
7475.0,7697.0,2425
7498.0,7870.0,2468
7519.0,7851.0,2511
7511.0,7790.0,2494
7503.0,7739.0,2477
7523.0,7760.0,2516
7572.0,7782.0,2595
7611.0,7814.0,2657
7620.0,7845.0,2673
7579.0,7853.0,2608
7567.0,7903.0,2584
7525.0,7942.0,2520
7504.0,7961.0,2481
7473.0,7980.0,2421
7431.0,8019.0,2366
7431.0,7999.0,2365
7330.0,8004.0,2183
7352.0,7965.0,2221
7313.0,7943.0,2158
7345.0,7894.0,2205
7285.0,7871.0,2103
7246.0,7839.0,2029
7215.0,7868.0,1981
7053.0,7861.0,1705
7086.0,7802.0,1769
7114.0,7853.0,1814
7152.0,7926.0,1878
7163.0,7906.0,1900
7142.0,7905.0,1864
7102.0,7913.0,1794
7050.0,7931.0,1700
7016.0,8021.0,1641
6967.0,7978.0,1556
6917.0,7966.0,1478
6925.0,8027.0,1497
6893.0,8056.0,1432
6833.0,8053.0,1329
6844.0,8013.0,1349
6805.0,7991.0,1284
6826.0,7962.0,1311
6847.0,7953.0,1358
6829.0,7902.0,1321
6798.0,7920.0,1270
6767.0,7929.0,1224
6776.0,7960.0,1234
6756.0,7959.0,1205
6726.0,7948.0,1151
6697.0,7916.0,1107
6677.0,7905.0,1080
6680.0,7834.0,1084
6690.0,7845.0,1096
6709.0,7866.0,1121
6729.0,7887.0,1157
6740.0,7857.0,1179
6628.0,7873.0,1004
6599.0,7851.0,949
6620.0,7832.0,989
6590.0,7820.0,935
6581.0,7790.0,920
6612.0,7781.0,971
6604.0,7740.0,958
6614.0,7730.0,975
6654.0,7752.0,1039
6653.0,7773.0,1036
6692.0,7794.0,1100
6704.0,7765.0,1112
6742.0,7817.0,1181
6783.0,7798.0,1245
6846.0,7751.0,1354
6848.0,7710.0,1360
6787.0,7708.0,1254
6757.0,7696.0,1209
6727.0,7685.0,1154
6729.0,7644.0,1156
6749.0,7645.0,1192
6800.0,7648.0,1273
6833.0,7588.0,1328
6821.0,7618.0,1305
6852.0,7619.0,1369
6852.0,7599.0,1368
6883.0,7590.0,1411
6895.0,7540.0,1438
6856.0,7519.0,1378
6834.0,7548.0,1331
6784.0,7556.0,1248
6752.0,7585.0,1199
6701.0,7593.0,1110
6671.0,7581.0,1070
6640.0,7600.0,1021
6649.0,7631.0,1033
6578.0,7638.0,914
6597.0,7659.0,945
6565.0,7708.0,883
6525.0,7686.0,823
6484.0,7694.0,760
6395.0,7650.0,622
6407.0,7620.0,644
6357.0,7608.0,566
6326.0,7607.0,522
6258.0,7563.0,427
6266.0,7604.0,436
6296.0,7605.0,483
6293.0,7666.0,478
6344.0,7668.0,548
6364.0,7669.0,579
6386.0,7852.0,612
6408.0,7833.0,649
6429.0,7803.0,673
6410.0,7772.0,652
6370.0,7770.0,588
6382.0,7720.0,607
6423.0,7712.0,666
6442.0,7743.0,695
6472.0,7744.0,740
6522.0,7757.0,820
6562.0,7758.0,880
6577.0,7880.0,912
6576.0,7921.0,909
6553.0,7980.0,866
6514.0,7948.0,806
6516.0,7898.0,810
6528.0,7848.0,830
6540.0,7808.0,848
6500.0,7806.0,783
6479.0,7826.0,750
6457.0,7855.0,720
6425.0,7894.0,669
6404.0,7913.0,640
6359.0,8023.0,571
6380.0,7993.0,600
6382.0,7963.0,608
6442.0,7966.0,696
6440.0,8006.0,691
6500.0,8029.0,784
6572.0,8012.0,900
6591.0,8023.0,939
6613.0,7983.0,974
6643.0,7994.0,1025
6616.0,7923.0,979
6617.0,7892.0,982
6362.0,8184.0,577
6323.0,8152.0,517
6334.0,8133.0,532
6343.0,8143.0,546
6385.0,8115.0,611
6416.0,8096.0,661
6407.0,8065.0,645
6438.0,8066.0,685
6477.0,8088.0,747
6486.0,8119.0,763
6443.0,8168.0,700
6442.0,8208.0,697
6483.0,8190.0,756
6481.0,8240.0,753
6450.0,8239.0,708
6459.0,8280.0,725
6439.0,8279.0,689
6408.0,8288.0,650
6376.0,8327.0,594
6396.0,8338.0,624
6424.0,8389.0,668
6412.0,8429.0,655
6357.0,8518.0,567
6357.0,8528.0,568
6396.0,8570.0,625
6397.0,8540.0,628
6418.0,8510.0,663
6399.0,8479.0,630
6380.0,8458.0,601
6371.0,8427.0,589
6352.0,8416.0,556
6320.0,8445.0,509
6289.0,8464.0,474
6259.0,8463.0,429
6248.0,8483.0,409
6287.0,8515.0,468
6285.0,8565.0,464
6315.0,8567.0,498
6324.0,8587.0,519
6353.0,8609.0,558
6454.0,8623.0,714
6446.0,8582.0,702
6457.0,8553.0,721
6448.0,8532.0,705
6469.0,8502.0,736
6499.0,8514.0,781
6498.0,8544.0,779
6517.0,8565.0,813
6496.0,8585.0,776
6516.0,8585.0,811
6567.0,8578.0,891
6587.0,8589.0,930
6565.0,8618.0,885
6596.0,8619.0,941
6605.0,8640.0,959
6625.0,8631.0,1000
6634.0,8429.0,1009
6664.0,8430.0,1054
6653.0,8470.0,1037
6622.0,8469.0,994
6600.0,8518.0,953
6619.0,8539.0,985
6661.0,8511.0,1048
6691.0,8512.0,1098
6710.0,8543.0,1122
6730.0,8554.0,1158
6751.0,8535.0,1196
6791.0,8547.0,1263
6790.0,8567.0,1260
6799.0,8588.0,1272
6828.0,8629.0,1319
6786.0,8658.0,1251
6825.0,8690.0,1310
6846.0,8681.0,1356
6864.0,8712.0,1391
6883.0,8743.0,1412
6853.0,8752.0,1371
6842.0,8771.0,1344
6822.0,8750.0,1306
6773.0,8728.0,1231
6707.0,8624.0,1119
6669.0,8562.0,1063
6704.0,8442.0,1113
6717.0,8382.0,1135
6748.0,8363.0,1189
6779.0,8354.0,1240
6770.0,8324.0,1230
6810.0,8345.0,1295
6829.0,8377.0,1323
6849.0,8378.0,1363
6877.0,8419.0,1403
6908.0,8410.0,1464
6900.0,8370.0,1449
6940.0,8381.0,1517
6969.0,8393.0,1560
7009.0,8415.0,1621
7018.0,8446.0,1645
7026.0,8476.0,1658
7055.0,8508.0,1709
7086.0,8499.0,1770
7117.0,8480.0,1819
7156.0,8522.0,1886
7135.0,8542.0,1849
7134.0,8562.0,1846
7094.0,8550.0,1781
7052.0,8589.0,1701
7022.0,8587.0,1650
7002.0,8566.0,1611
6990.0,8606.0,1591
6989.0,8646.0,1588
6968.0,8666.0,1559
6956.0,8706.0,1543
7026.0,8709.0,1659
7048.0,8679.0,1696
7109.0,8672.0,1804
7110.0,8652.0,1805
7140.0,8643.0,1862
7142.0,8613.0,1865
7212.0,8626.0,1973
7210.0,8676.0,1967
7240.0,8688.0,2017
7269.0,8719.0,2073
7288.0,8740.0,2111
7218.0,8727.0,1988
7156.0,8745.0,1887
7158.0,8694.0,1891
7065.0,8741.0,1728
7075.0,8761.0,1746
7024.0,8759.0,1653
6993.0,8778.0,1595
7022.0,8800.0,1651
7001.0,8829.0,1609
6960.0,8837.0,1547
6920.0,8825.0,1486
6889.0,8834.0,1423
6897.0,8885.0,1442
6945.0,8948.0,1524
6976.0,8929.0,1569
7037.0,8932.0,1675
7009.0,8870.0,1622
6984.0,8990.0,1580
6953.0,8989.0,1537
6992.0,9041.0,1593
7020.0,9083.0,1647
7173.0,9059.0,1908
7201.0,9101.0,1947
7210.0,9131.0,1968
7250.0,9133.0,2039
7273.0,9073.0,2084
7254.0,9052.0,2049
7287.0,8993.0,2108
7299.0,8953.0,2137
7339.0,8965.0,2195
7240.0,8900.0,2018
7211.0,8869.0,1971
7159.0,8907.0,1893
7138.0,8926.0,1856
7208.0,8939.0,1963
7207.0,8969.0,1962
7195.0,9009.0,1934
7303.0,8852.0,2143
7354.0,8855.0,2227
7392.0,8897.0,2297
7380.0,8937.0,2277
7399.0,8978.0,2310
7397.0,9008.0,2304
7367.0,9017.0,2248
7416.0,9049.0,2339
7404.0,9089.0,2320
7374.0,9088.0,2260
7383.0,9119.0,2282
7455.0,9081.0,2403
7515.0,9084.0,2504
7514.0,9114.0,2500
7572.0,8955.0,2596
7595.0,8885.0,2634
7607.0,8835.0,2655
7557.0,8833.0,2571
7506.0,8831.0,2484
7468.0,8789.0,2416
7438.0,8767.0,2377
7427.0,8787.0,2361
7390.0,8725.0,2292
7349.0,8733.0,2213
7340.0,8692.0,2197
7352.0,8662.0,2222
7312.0,8661.0,2155
7283.0,8629.0,2099
7304.0,8610.0,2144
7274.0,8588.0,2086
7336.0,8793.0,2191
7273.0,8851.0,2083
7275.0,8801.0,2088
7256.0,8769.0,2054
7235.0,8799.0,2008
7205.0,8787.0,1956
7174.0,8806.0,1909
7143.0,8805.0,1868
7112.0,8824.0,1810
7072.0,8812.0,1739
7070.0,8872.0,1736
7099.0,8904.0,1787
7097.0,8934.0,1784
7117.0,8945.0,1820
7146.0,8987.0,1870
7104.0,9005.0,1799
7054.0,8993.0,1707
7073.0,9024.0,1742
7082.0,9065.0,1760
7080.0,9095.0,1757
7079.0,9126.0,1755
7130.0,9118.0,1839
7138.0,9159.0,1857
7126.0,9198.0,1834
7086.0,9187.0,1771
6657.0,8612.0,1044
6676.0,8623.0,1077
6655.0,8652.0,1041
6693.0,8694.0,1103
6722.0,8736.0,1145
6567.0,8820.0,892
6596.0,8832.0,942
6704.0,8917.0,1114
6672.0,8956.0,1071
6692.0,8967.0,1101
6721.0,8999.0,1144
6749.0,9040.0,1193
6748.0,9061.0,1190
6746.0,9101.0,1187
6788.0,9072.0,1256
6807.0,9114.0,1288
6826.0,9135.0,1312
6785.0,9153.0,1250
6734.0,9151.0,1167
6733.0,9171.0,1164
6683.0,9169.0,1087
6631.0,9197.0,1007
6590.0,9205.0,936
6578.0,9255.0,915
6548.0,9244.0,859
6596.0,9297.0,943
6575.0,9316.0,908
6555.0,9325.0,871
6626.0,9308.0,1002
6627.0,9278.0,1003
6669.0,9259.0,1064
6738.0,9283.0,1174
6760.0,9253.0,1215
6762.0,9213.0,1216
6809.0,9296.0,1293
6786.0,9345.0,1252
6756.0,9354.0,1207
6716.0,9342.0,1133
6664.0,9370.0,1055
6624.0,9369.0,998
6569.0,9457.0,896
6450.0,9401.0,709
6431.0,9370.0,675
6434.0,9320.0,681
6393.0,9328.0,619
6353.0,9316.0,559
6331.0,9346.0,528
6312.0,9325.0,494
6314.0,9284.0,497
6273.0,9293.0,445
6285.0,9253.0,466
6225.0,9230.0,384
6196.0,9198.0,349
6177.0,9167.0,327
6228.0,9159.0,386
6247.0,9190.0,408
6278.0,9182.0,455
6280.0,9141.0,458
6320.0,9143.0,510
6359.0,9165.0,572
6358.0,9205.0,570
6367.0,9216.0,582
6400.0,9167.0,633
6402.0,9126.0,637
6442.0,9128.0,698
6443.0,9108.0,701
6395.0,9055.0,623
6375.0,9044.0,593
6373.0,9075.0,592
6362.0,9114.0,578
6322.0,9093.0,514
6283.0,9061.0,463
6263.0,9050.0,434
6232.0,9068.0,387
6241.0,9089.0,403
6210.0,9108.0,365
6183.0,9046.0,333
6141.0,9064.0,282
6118.0,9144.0,261
6077.0,9153.0,229
6116.0,9195.0,259
6135.0,9206.0,277
6173.0,9258.0,318
6201.0,9320.0,354
6209.0,9361.0,363
6250.0,9362.0,414
6277.0,9424.0,453
6298.0,9415.0,484
6317.0,9436.0,503
6295.0,9476.0,482
6368.0,9438.0,584
6380.0,9398.0,602
6361.0,9357.0,575
6427.0,9229.0,672
6407.0,9005.0,646
6245.0,8998.0,406
6277.0,8979.0,452
6285.0,9010.0,465
6306.0,8991.0,492
6367.0,8983.0,581
6349.0,8952.0,552
6360.0,8922.0,574
6389.0,8944.0,613
6439.0,8966.0,690
6448.0,8997.0,706
6488.0,8999.0,766
6529.0,8980.0,834
6521.0,8929.0,819
6482.0,8897.0,755
6554.0,8880.0,868
6605.0,8872.0,960
6636.0,8854.0,1014
6654.0,8895.0,1040
6685.0,8886.0,1090
6696.0,8856.0,1106
6688.0,8825.0,1092
6718.0,8827.0,1138
6720.0,8786.0,1142
6760.0,8778.0,1214
6781.0,8779.0,1242
6800.0,8790.0,1275
6830.0,8801.0,1326
6829.0,8832.0,1324
6777.0,8860.0,1238
6756.0,8889.0,1206
6764.0,8930.0,1220
6805.0,8922.0,1285
6836.0,8893.0,1337
6855.0,8934.0,1375
6894.0,8956.0,1437
6893.0,8986.0,1433
6891.0,9026.0,1427
6840.0,9044.0,1342
6810.0,9023.0,1296
6822.0,8983.0,1307
6838.0,9085.0,1338
6708.0,9049.0,1120
6678.0,9058.0,1083
6626.0,9075.0,1001
6635.0,9116.0,1011
6621.0,8954.0,991
6640.0,8995.0,1023
6589.0,9003.0,933
6556.0,9052.0,872
6506.0,9050.0,789
6514.0,9101.0,807
6533.0,9132.0,841
6573.0,9134.0,904
6583.0,9144.0,924
6551.0,9173.0,863
6510.0,9192.0,795
6488.0,9241.0,767
6506.0,9283.0,790
6485.0,9302.0,762
6464.0,9321.0,729
6503.0,9343.0,787
6501.0,9394.0,785
6488.0,9454.0,768
6466.0,9513.0,734
6475.0,9534.0,743
6526.0,9526.0,824
6635.0,9571.0,1012
6663.0,9633.0,1052
6713.0,9635.0,1128
6715.0,9595.0,1130
6766.0,9577.0,1223
6764.0,9627.0,1221
6753.0,9647.0,1202
6782.0,9669.0,1243
6833.0,9661.0,1330
6835.0,9610.0,1333
6838.0,9560.0,1339
6800.0,9720.0,1276
6819.0,9761.0,1303
6868.0,9784.0,1396
6866.0,9834.0,1392
6835.0,9843.0,1334
6824.0,9873.0,1309
6854.0,9874.0,1373
6843.0,9904.0,1348
6841.0,9934.0,1343
6792.0,9912.0,1265
6780.0,9962.0,1241
6819.0,9984.0,1304
6848.0,10015.0,1361
6807.0,10034.0,1289
6746.0,10041.0,1188
6706.0,10019.0,1118
6667.0,9997.0,1060
6638.0,9966.0,1019
6660.0,9916.0,1046
6711.0,9918.0,1124
6754.0,9859.0,1203
6734.0,9838.0,1168
6727.0,9788.0,1155
6757.0,9779.0,1210
6786.0,9810.0,1253
6739.0,9727.0,1176
6689.0,9725.0,1095
6670.0,9684.0,1069
6666.0,9775.0,1057
6674.0,9826.0,1075
6622.0,9864.0,995
6494.0,9788.0,773
6546.0,9759.0,857
6507.0,9717.0,792
6519.0,9667.0,817
6530.0,9648.0,836
6533.0,9597.0,842
6493.0,9575.0,772
6472.0,9605.0,741
6431.0,9613.0,676
6399.0,9652.0,631
6380.0,9621.0,603
6340.0,9619.0,541
6341.0,9589.0,542
6384.0,9540.0,610
6416.0,9491.0,662
6396.0,9480.0,626
6346.0,9478.0,550
6335.0,9497.0,534
6313.0,9527.0,496
6262.0,9535.0,431
6262.0,9545.0,432
6250.0,9595.0,415
6270.0,9596.0,441
6219.0,9604.0,380
6190.0,9562.0,344
6158.0,9601.0,304
6176.0,9662.0,324
6145.0,9671.0,287
6206.0,9674.0,359
6204.0,9724.0,358
6256.0,9686.0,424
6287.0,9667.0,469
6376.0,9712.0,595
6426.0,9714.0,670
6438.0,9674.0,686
6393.0,9793.0,620
6401.0,9834.0,635
6420.0,9855.0,665
6441.0,9846.0,694
6339.0,9872.0,539
6320.0,9841.0,511
6332.0,9801.0,530
6333.0,9770.0,531
6272.0,9768.0,443
6240.0,9807.0,400
6269.0,9838.0,438
6531.0,9860.0,837
6561.0,9881.0,879
6561.0,9871.0,878
6583.0,9842.0,925
6605.0,9792.0,961
6597.0,9752.0,946
6599.0,9701.0,950
6639.0,9713.0,1020
6632.0,9632.0,1008
6612.0,9621.0,972
6581.0,9640.0,921
6573.0,9609.0,905
6574.0,9569.0,907
6545.0,9557.0,855
6566.0,9528.0,889
6617.0,9520.0,983
6647.0,9531.0,1032
6720.0,9484.0,1143
6670.0,9472.0,1068
6691.0,9442.0,1099
6723.0,9403.0,1147
6752.0,9425.0,1200
6801.0,9467.0,1277
6845.0,9388.0,1353
6857.0,9338.0,1381
6918.0,9331.0,1483
6921.0,9260.0,1489
6862.0,9237.0,1386
6914.0,9189.0,1472
6896.0,9158.0,1440
6917.0,9119.0,1479
6948.0,9110.0,1529
6997.0,9142.0,1603
6976.0,9172.0,1570
6964.0,9212.0,1552
6981.0,9283.0,1576
6989.0,9334.0,1589
7039.0,9346.0,1679
7007.0,9395.0,1617
6975.0,9414.0,1567
6904.0,9421.0,1456
6882.0,9471.0,1410
6890.0,9512.0,1425
6920.0,9513.0,1487
6939.0,9554.0,1516
6897.0,9583.0,1443
6906.0,9603.0,1459
6904.0,9664.0,1457
6902.0,9694.0,1453
6931.0,9726.0,1504
6929.0,9776.0,1500
6980.0,9778.0,1574
7008.0,9830.0,1619
7037.0,9852.0,1676
7199.0,10081.0,1943
7259.0,9871.0,2057
7300.0,9853.0,2138
7261.0,9811.0,2060
7242.0,9790.0,2024
7284.0,9761.0,2101
7339.0,9663.0,2196
7399.0,9665.0,2311
7421.0,9636.0,2347
7413.0,9575.0,2336
7416.0,9514.0,2340
7375.0,9533.0,2262
7363.0,9563.0,2242
7372.0,9593.0,2258
7321.0,9601.0,2168
7284.0,9519.0,2100
7246.0,9477.0,2031
7297.0,9449.0,2131
7359.0,9431.0,2238
7380.0,9412.0,2278
7412.0,9373.0,2333
7374.0,9320.0,2261
7346.0,9269.0,2207
7304.0,9297.0,2145
7243.0,9315.0,2026
7250.0,9366.0,2040
7239.0,9385.0,2016
7190.0,9363.0,1930
7138.0,9391.0,1858
7088.0,9379.0,1772
7067.0,9398.0,1732
7046.0,9417.0,1692
7015.0,9436.0,1638
7014.0,9466.0,1636
7052.0,9519.0,1702
7021.0,9538.0,1649
7049.0,9579.0,1698
7089.0,9581.0,1774
7132.0,9522.0,1844
7134.0,9714.0,1847
7097.0,9642.0,1785
7065.0,9681.0,1729
7042.0,9731.0,1686
7041.0,9771.0,1682
7072.0,9752.0,1740
7102.0,9753.0,1795
7121.0,9795.0,1826
7161.0,9786.0,1897
7191.0,9808.0,1931
7169.0,9837.0,1904
7199.0,9859.0,1942
7210.0,9839.0,1969
7174.0,9736.0,1910
7205.0,9707.0,1957
7226.0,9688.0,1996
7187.0,9656.0,1927
7069.0,9813.0,1734
7078.0,9843.0,1754
6774.0,9395.0,1233
7197.0,9424.0,1937
6993.0,9698.0,1596
6983.0,9708.0,1578
6917.0,9826.0,1480
6967.0,9849.0,1557
6924.0,9897.0,1496
6955.0,9888.0,1541
6995.0,9900.0,1601
7046.0,9882.0,1693
7055.0,9913.0,1710
7074.0,9924.0,1744
7094.0,9945.0,1782
7092.0,9996.0,1779
7111.0,10017.0,1808
7099.0,10057.0,1788
7077.0,10106.0,1751
7116.0,10138.0,1817
7154.0,10180.0,1883
7205.0,10182.0,1958
7234.0,10194.0,2006
7266.0,10175.0,2070
7306.0,10177.0,2147
7326.0,10188.0,2178
7365.0,10210.0,2244
7404.0,10242.0,2321
7403.0,10272.0,2318
7372.0,10281.0,2259
7401.0,10312.0,2316
7370.0,10331.0,2255
7369.0,10351.0,2253
7377.0,10392.0,2268
7340.0,10320.0,2198
7302.0,10268.0,2142
7323.0,10248.0,2173
7271.0,10276.0,2079
7242.0,10255.0,2025
7212.0,10243.0,1974
7180.0,10293.0,1921
7198.0,10334.0,1941
7269.0,10337.0,2074
7298.0,10369.0,2135
7296.0,10399.0,2129
7483.0,10296.0,2448
7522.0,10318.0,2515
7553.0,10309.0,2561
7552.0,10339.0,2559
7529.0,10389.0,2524
7601.0,10372.0,2645
7634.0,10312.0,2696
7665.0,10294.0,2757
7646.0,10262.0,2720
7650.0,10182.0,2726
7620.0,10160.0,2674
7632.0,10130.0,2690
7655.0,10061.0,2737
7615.0,10049.0,2665
7618.0,9978.0,2671
7640.0,9939.0,2711
7692.0,9900.0,2794
7663.0,9879.0,2752
7704.0,9861.0,2825
7706.0,9810.0,2828
7766.0,9823.0,2923
7765.0,9843.0,2920
7784.0,9874.0,2950
7754.0,9883.0,2906
7772.0,9924.0,2934
7720.0,9952.0,2853
7698.0,9992.0,2811
7696.0,10032.0,2808
7747.0,10024.0,2888
7779.0,9985.0,2941
7831.0,9957.0,3032
7872.0,9939.0,3109
7902.0,9960.0,3155
7900.0,10011.0,3152
7929.0,10032.0,3201
7947.0,10073.0,3229
7907.0,10072.0,3163
7837.0,10048.0,3047
7826.0,10068.0,3028
7794.0,10107.0,2971
7725.0,10084.0,2862
7721.0,10154.0,2856
7741.0,10165.0,2881
7770.0,10197.0,2930
7809.0,10229.0,2996
7819.0,10240.0,3016
7820.0,10209.0,3019
7767.0,10268.0,2924
7727.0,10266.0,2864
7714.0,10326.0,2841
7775.0,10329.0,2938
7782.0,10380.0,2948
7810.0,10431.0,3000
7779.0,10450.0,2942
7750.0,10429.0,2895
7710.0,10407.0,2836
7700.0,10406.0,2819
7699.0,10437.0,2815
7635.0,10505.0,2699
7644.0,10545.0,2717
7642.0,10576.0,2714
7721.0,10620.0,2857
7752.0,10621.0,2898
7792.0,10633.0,2968
7803.0,10613.0,2987
7785.0,10562.0,2952
7796.0,10542.0,2976
7747.0,10499.0,2889
7696.0,10497.0,2809
7838.0,10503.0,3049
7875.0,10576.0,3115
7938.0,10528.0,3221
7959.0,10509.0,3243
7998.0,10531.0,3304
8017.0,10572.0,3338
7965.0,10590.0,3253
7920.0,10477.0,3186
7892.0,10415.0,3142
7913.0,10395.0,3172
7915.0,10345.0,3177
7896.0,10334.0,3146
7906.0,10324.0,3161
7856.0,10322.0,3079
7834.0,10351.0,3037
7862.0,10403.0,3092
7817.0,10290.0,3012
7700.0,10194.0,2818
7569.0,10168.0,2592
7550.0,10147.0,2554
7566.0,10249.0,2583
7535.0,10258.0,2535
7456.0,10214.0,2405
7416.0,10212.0,2341
7438.0,10172.0,2378
7398.0,10150.0,2308
7367.0,10159.0,2250
7349.0,10118.0,2214
7390.0,10100.0,2293
7510.0,10145.0,2493
7500.0,10125.0,2471
7542.0,10096.0,2540
7494.0,10033.0,2466
7507.0,9983.0,2487
7508.0,9953.0,2491
7477.0,9962.0,2430
7489.0,9912.0,2458
7439.0,9910.0,2380
7410.0,9878.0,2329
7482.0,9851.0,2443
7522.0,9863.0,2514
7554.0,9834.0,2563
7575.0,9804.0,2603
7604.0,9846.0,2649
7635.0,9817.0,2698
7636.0,9797.0,2702
7547.0,9753.0,2550
7514.0,9802.0,2501
7572.0,9875.0,2598
7549.0,9935.0,2551
7546.0,9995.0,2548
7452.0,10072.0,2400
7424.0,10020.0,2354
7386.0,9968.0,2288
7367.0,9947.0,2249
7346.0,9966.0,2208
7327.0,9935.0,2179
7318.0,9904.0,2163
7296.0,9954.0,2128
7254.0,9982.0,2050
7262.0,10033.0,2061
7290.0,10085.0,2117
7353.0,10037.0,2225
7202.0,10021.0,1951
7172.0,9999.0,1907
7185.0,9929.0,1923
7177.0,9898.0,1919
7013.0,9942.0,1634
6896.0,10078.0,1441
6927.0,10069.0,1499
6900.0,9987.0,1451
6909.0,10018.0,1466
6929.0,10009.0,1501
6962.0,9960.0,1551
7010.0,10002.0,1626
7049.0,10034.0,1699
7073.0,10187.0,1743
7152.0,10241.0,1880
7810.0,10674.0,3001
7840.0,10675.0,3054
8068.0,10331.0,3420
7984.0,10398.0,3282
7996.0,10348.0,3301
8016.0,10349.0,3336
8036.0,10370.0,3376
8036.0,10350.0,3375
8027.0,10330.0,3353
8029.0,10299.0,3357
8050.0,10270.0,3401
7986.0,10105.0,3287
8036.0,10118.0,3374
8216.0,9711.0,3645
8257.0,9703.0,3706
8298.0,9694.0,3766
8309.0,9675.0,3780
8310.0,9644.0,3781
8342.0,9605.0,3823
8401.0,9648.0,3905
8400.0,9669.0,3901
8462.0,9631.0,3985
8413.0,9598.0,3917
8465.0,9560.0,3992
8457.0,9509.0,3977
8388.0,9486.0,3878
8260.0,9400.0,3710
8290.0,9401.0,3755
8282.0,9360.0,3744
8253.0,9328.0,3698
8245.0,9268.0,3687
8297.0,9239.0,3765
8336.0,9271.0,3818
8295.0,9300.0,3761
8313.0,9331.0,3786
8333.0,9352.0,3815
8382.0,9375.0,3873
8350.0,9424.0,3836
8318.0,9463.0,3792
8278.0,9451.0,3738
8256.0,9490.0,3702
8285.0,9512.0,3748
8304.0,9553.0,3773
8243.0,9561.0,3678
8212.0,9579.0,3638
8202.0,9559.0,3621
8174.0,9507.0,3582
8154.0,9516.0,3548
8145.0,9496.0,3536
8096.0,9453.0,3466
8071.0,9321.0,3425
8084.0,9260.0,3444
8153.0,9304.0,3545
8172.0,9335.0,3575
8181.0,9366.0,3589
8210.0,9387.0,3633
8188.0,9437.0,3599
8158.0,9415.0,3554
8128.0,9404.0,3508
8068.0,9391.0,3418
7967.0,9387.0,3261
7926.0,9405.0,3197
7924.0,9456.0,3191
7975.0,9448.0,3271
8013.0,9490.0,3332
8044.0,9481.0,3389
8065.0,9462.0,3413
8045.0,9451.0,3393
8016.0,9429.0,3335
8027.0,9400.0,3352
8020.0,9349.0,3341
7999.0,9348.0,3305
7992.0,9287.0,3294
7963.0,9255.0,3248
7934.0,9234.0,3211
7955.0,9204.0,3239
7935.0,9193.0,3214
7937.0,9153.0,3216
7958.0,9134.0,3240
7978.0,9145.0,3274
7966.0,9174.0,3256
8007.0,9176.0,3321
8026.0,9197.0,3350
8056.0,9199.0,3406
8129.0,9161.0,3510
8141.0,9111.0,3530
8192.0,9103.0,3605
8211.0,9124.0,3635
8210.0,9145.0,3632
8219.0,9185.0,3651
8195.0,9255.0,3609
8155.0,9264.0,3550
8145.0,9243.0,3535
8107.0,9201.0,3479
8098.0,9170.0,3469
8089.0,9139.0,3452
8081.0,9099.0,3441
8092.0,9069.0,3463
8113.0,9070.0,3486
8104.0,9029.0,3477
8085.0,9008.0,3446
8034.0,9016.0,3371
7994.0,9014.0,3296
7953.0,9012.0,3237
7915.0,8970.0,3176
7926.0,8940.0,3196
7959.0,8891.0,3242
7930.0,8849.0,3204
7932.0,8799.0,3208
7902.0,8787.0,3153
7873.0,8766.0,3111
7865.0,8725.0,3098
7886.0,8706.0,3131
7928.0,8677.0,3200
7988.0,8690.0,3288
7996.0,8721.0,3299
8005.0,8762.0,3316
8047.0,8723.0,3397
8069.0,8684.0,3421
8090.0,8654.0,3454
8071.0,8633.0,3424
8039.0,8662.0,3380
8022.0,8601.0,3344
8084.0,8573.0,3443
8124.0,8575.0,3502
8126.0,8534.0,3506
8096.0,8513.0,3465
8108.0,8483.0,3480
8067.0,8481.0,3417
8079.0,8451.0,3437
8070.0,8421.0,3422
8061.0,8400.0,3410
8103.0,8372.0,3474
8103.0,8351.0,3473
8134.0,8343.0,3517
8166.0,8304.0,3564
8136.0,8292.0,3522
8178.0,8264.0,3586
8121.0,8403.0,3499
8169.0,8466.0,3568
8209.0,8487.0,3630
8187.0,8517.0,3598
8186.0,8547.0,3596
8174.0,8587.0,3581
8182.0,8648.0,3591
8190.0,8679.0,3602
8150.0,8667.0,3541
8118.0,8716.0,3492
8168.0,8728.0,3566
8229.0,8711.0,3665
8270.0,8702.0,3726
8273.0,8642.0,3731
8243.0,8641.0,3677
8265.0,8591.0,3719
8314.0,8634.0,3787
8323.0,8654.0,3801
8331.0,8705.0,3811
8342.0,8685.0,3822
8393.0,8657.0,3885
8374.0,8646.0,3864
8396.0,8597.0,3893
8427.0,8588.0,3936
8400.0,8516.0,3900
8469.0,8539.0,3998
8510.0,8541.0,4050
8549.0,8573.0,4094
8518.0,8592.0,4061
8487.0,8591.0,4019
8467.0,8600.0,3993
8496.0,8621.0,4036
8445.0,8629.0,3964
8424.0,8659.0,3931
8443.0,8680.0,3959
8452.0,8710.0,3973
8401.0,8718.0,3904
8379.0,8758.0,3868
8358.0,8777.0,3846
8346.0,8807.0,3829
8326.0,8816.0,3806
8345.0,8847.0,3828
8334.0,8867.0,3817
8363.0,8888.0,3851
8393.0,8890.0,3886
8414.0,8881.0,3918
8454.0,8882.0,3974
8446.0,8842.0,3967
8427.0,8810.0,3937
8429.0,8760.0,3940
8329.0,8735.0,3809
8308.0,8755.0,3779
8287.0,8784.0,3751
8264.0,8834.0,3716
8274.0,8854.0,3733
8303.0,8886.0,3771
8311.0,8927.0,3783
8340.0,8958.0,3820
8317.0,9018.0,3789
8357.0,9040.0,3845
8325.0,9069.0,3805
8344.0,9100.0,3825
8322.0,9129.0,3798
8321.0,9160.0,3797
8279.0,9188.0,3741
8271.0,9137.0,3727
8273.0,9107.0,3732
8284.0,9077.0,3747
8213.0,9074.0,3640
8244.0,9075.0,3683
8246.0,9035.0,3689
8256.0,9015.0,3701
8269.0,8955.0,3725
8228.0,8974.0,3663
8156.0,9011.0,3551
8206.0,9013.0,3626
8198.0,8972.0,3612
8098.0,8948.0,3468
8119.0,8928.0,3494
8169.0,8931.0,3569
8151.0,8889.0,3542
8142.0,8859.0,3532
8081.0,8876.0,3440
8033.0,8813.0,3367
8001.0,8842.0,3310
8002.0,8822.0,3313
8185.0,8800.0,3595
8223.0,8852.0,3657
8193.0,8851.0,3608
8201.0,8892.0,3618
8409.0,8992.0,3913
8422.0,8931.0,3927
8472.0,8944.0,4001
8507.0,9057.0,4048
8507.0,9077.0,4049
8484.0,9126.0,4015
8464.0,9115.0,3990
8424.0,9124.0,3932
8432.0,9164.0,3944
8472.0,9176.0,4002
8491.0,9197.0,4029
8513.0,9158.0,4051
8553.0,9160.0,4102
8572.0,9201.0,4122
8560.0,9241.0,4111
8540.0,9230.0,4081
8559.0,9271.0,4109
8526.0,9320.0,4069
8555.0,9362.0,4105
8514.0,9370.0,4052
8501.0,9430.0,4043
8490.0,9460.0,4025
8462.0,9408.0,3984
8431.0,9427.0,3942
8444.0,9357.0,3961
8436.0,9306.0,3948
8405.0,9315.0,3908
8395.0,9314.0,3891
8386.0,9284.0,3875
8488.0,9278.0,4020
8476.0,9308.0,4007
8427.0,9275.0,3938
8409.0,9224.0,3914
8369.0,9222.0,3856
8388.0,9243.0,3877
8381.0,9162.0,3872
8426.0,9073.0,3934
8587.0,9090.0,4139
8605.0,9142.0,4152
8448.0,9024.0,3969
8467.0,9045.0,3994
8500.0,9006.0,4041
8532.0,8957.0,4075
8524.0,8916.0,4068
8496.0,8854.0,4037
8874.0,8062.0,4347
8779.0,7936.0,4290
8797.0,7977.0,4304
8766.0,7986.0,4282
8726.0,7984.0,4247
8527.0,7915.0,4070
8496.0,7924.0,4035
8515.0,7955.0,4057
8544.0,7987.0,4085
8533.0,8016.0,4076
8501.0,8045.0,4042
8481.0,8034.0,4013
8440.0,8053.0,3954
8420.0,8052.0,3922
8429.0,8072.0,3939
8379.0,8070.0,3867
8390.0,8040.0,3880
8350.0,8029.0,3835
8299.0,8047.0,3768
8279.0,8036.0,3739
8259.0,8025.0,3707
8260.0,8015.0,3709
8251.0,7984.0,3696
8293.0,7955.0,3758
8323.0,7947.0,3800
8353.0,7958.0,3839
8355.0,7918.0,3840
8305.0,7895.0,3775
8257.0,7853.0,3704
8216.0,7851.0,3644
8238.0,7811.0,3671
8230.0,7771.0,3666
8211.0,7739.0,3634
8159.0,7778.0,3557
8129.0,7756.0,3509
8118.0,7796.0,3491
8088.0,7775.0,3450
8037.0,7782.0,3377
8016.0,7812.0,3334
7962.0,7890.0,3247
7983.0,7871.0,3279
8012.0,7893.0,3330
8042.0,7904.0,3386
8011.0,7933.0,3328
7990.0,7932.0,3292
8030.0,7954.0,3358
8007.0,8004.0,3319
8026.0,8035.0,3349
8047.0,8015.0,3396
8077.0,8037.0,3435
8076.0,8057.0,3432
8117.0,8049.0,3490
8137.0,8050.0,3525
8126.0,8069.0,3505
8135.0,8090.0,3520
8145.0,8101.0,3534
8133.0,8130.0,3515
8132.0,8151.0,3513
8103.0,8129.0,3472
8082.0,8138.0,3442
8051.0,8167.0,3402
8021.0,8146.0,3342
8022.0,8125.0,3343
8004.0,8094.0,3314
7983.0,8104.0,3280
7971.0,8133.0,3265
8010.0,8175.0,3327
7911.0,8121.0,3167
7900.0,8150.0,3151
7869.0,8169.0,3105
7860.0,8149.0,3086
7841.0,8118.0,3055
7862.0,8098.0,3090
7843.0,8057.0,3058
7855.0,8027.0,3075
7885.0,8039.0,3130
7915.0,8040.0,3175
7946.0,8021.0,3227
7967.0,8002.0,3260
7938.0,7970.0,3220
7918.0,7979.0,3180
7878.0,7957.0,3121
7890.0,7907.0,3138
7889.0,7928.0,3135
7869.0,7927.0,3104
7828.0,7935.0,3030
7837.0,7966.0,3045
7807.0,7975.0,2991
7766.0,7973.0,2922
7754.0,8023.0,2903
7753.0,8053.0,2901
7723.0,8042.0,2859
7771.0,8084.0,2931
7792.0,8065.0,2967
7814.0,8025.0,3007
7876.0,7998.0,3116
7923.0,8081.0,3190
7965.0,8052.0,3252
7996.0,8043.0,3298
8098.0,8007.0,3467
8100.0,7967.0,3470
8121.0,7958.0,3498
8122.0,7928.0,3500
8154.0,7879.0,3547
8183.0,7910.0,3592
8170.0,7990.0,3570
8139.0,8009.0,3528
8167.0,8061.0,3565
8176.0,8072.0,3585
8218.0,8053.0,3648
8247.0,8075.0,3690
8275.0,8126.0,3735
8284.0,8147.0,3746
8305.0,8128.0,3776
8355.0,8140.0,3841
8357.0,8110.0,3844
8397.0,8122.0,3894
8437.0,8133.0,3951
8458.0,8114.0,3979
8515.0,8177.0,4058
8494.0,8197.0,4033
8463.0,8216.0,3987
8412.0,8223.0,3916
8421.0,8264.0,3925
8400.0,8283.0,3899
8361.0,8241.0,3849
8320.0,8250.0,3796
8279.0,8278.0,3740
8288.0,8299.0,3752
8318.0,8310.0,3791
8347.0,8322.0,3831
8365.0,8373.0,3853
8315.0,8371.0,3788
8293.0,8410.0,3759
8241.0,8438.0,3673
8201.0,8437.0,3617
8269.0,8500.0,3724
8296.0,8582.0,3763
8287.0,8541.0,3750
8267.0,8551.0,3723
8299.0,8512.0,3769
8329.0,8523.0,3808
8371.0,8484.0,3859
8372.0,8444.0,3862
8415.0,8385.0,3919
8436.0,8376.0,3947
8437.0,8346.0,3952
8524.0,8441.0,4067
8533.0,8481.0,4077
8492.0,8490.0,4031
8450.0,8508.0,3971
8462.0,8478.0,3983
8463.0,8448.0,3988
8465.0,8418.0,3991
8507.0,8379.0,4047
8547.0,8381.0,4090
8546.0,8411.0,4088
8565.0,8442.0,4115
8607.0,8404.0,4153
8627.0,8395.0,4168
8668.0,8386.0,4202
8649.0,8355.0,4190
8610.0,8333.0,4155
8581.0,8302.0,4129
8569.0,8341.0,4119
8540.0,8320.0,4080
8490.0,8308.0,4024
8461.0,8276.0,3982
8333.0,8190.0,3814
8261.0,8217.0,3712
8183.0,8143.0,3593
8192.0,8173.0,3604
8212.0,8174.0,3637
8221.0,8205.0,3654
8220.0,8235.0,3653
8229.0,8266.0,3664
8227.0,8306.0,3662
8257.0,8318.0,3705
8266.0,8338.0,3721
8223.0,8397.0,3656
8225.0,8357.0,3661
8204.0,8366.0,3625
8172.0,8395.0,3574
8161.0,8425.0,3559
8007.0,8479.0,3320
8008.0,8448.0,3323
7959.0,8426.0,3241
7918.0,8424.0,3181
7897.0,8454.0,3149
7896.0,8474.0,3145
7884.0,8524.0,3129
7873.0,8533.0,3110
7844.0,8512.0,3059
7813.0,8531.0,3006
7861.0,8573.0,3087
7881.0,8584.0,3127
7912.0,8565.0,3170
7952.0,8577.0,3234
7964.0,8527.0,3251
7995.0,8529.0,3297
7835.0,8471.0,3039
7806.0,8450.0,2990
7807.0,8429.0,2992
7799.0,8389.0,2981
7848.0,8421.0,3061
7737.0,8406.0,2872
7716.0,8426.0,2844
7696.0,8415.0,2806
7654.0,8453.0,2734
7653.0,8473.0,2732
7693.0,8495.0,2796
7721.0,8537.0,2854
7720.0,8577.0,2851
7699.0,8587.0,2814
7669.0,8585.0,2763
7597.0,8612.0,2637
7596.0,8633.0,2635
7595.0,8653.0,2633
7625.0,8654.0,2677
7665.0,8676.0,2756
7663.0,8716.0,2751
7693.0,8718.0,2797
7693.0,8728.0,2798
7672.0,8747.0,2765
7701.0,8769.0,2820
7752.0,8761.0,2897
7760.0,8801.0,2915
7797.0,8884.0,2977
7737.0,8871.0,2873
7709.0,8830.0,2835
7676.0,8879.0,2769
7695.0,8910.0,2802
7693.0,8950.0,2799
7744.0,8942.0,2882
7759.0,9064.0,2913
7861.0,9049.0,3088
7877.0,9140.0,3119
7909.0,9111.0,3164
7991.0,9064.0,3293
8009.0,9116.0,3324
8049.0,9128.0,3399
8041.0,9087.0,3385
8032.0,9056.0,3363
7996.0,8953.0,3300
7871.0,8816.0,3107
7851.0,8805.0,3065
7824.0,8734.0,3022
7837.0,8663.0,3046
7816.0,8693.0,3009
7796.0,8682.0,2975
7754.0,8720.0,2904
7715.0,8678.0,2843
7781.0,8802.0,2946
7799.0,8834.0,2982
7839.0,8855.0,3051
7859.0,8866.0,3083
7868.0,8877.0,3102
7836.0,8916.0,3042
7824.0,8956.0,3023
7812.0,9006.0,3004
7771.0,9014.0,2932
7762.0,9004.0,2918
7721.0,9002.0,2855
7680.0,9030.0,2776
7650.0,9019.0,2725
7629.0,9038.0,2685
7626.0,9099.0,2680
7667.0,9081.0,2760
7696.0,9122.0,2807
7704.0,9163.0,2824
7745.0,9145.0,2884
7787.0,9116.0,2956
7789.0,9076.0,2960
7758.0,9084.0,2911
7499.0,9225.0,2470
7451.0,9172.0,2398
7432.0,9151.0,2367
7409.0,9201.0,2326
7369.0,9199.0,2252
7350.0,9178.0,2218
7342.0,9127.0,2200
7312.0,9105.0,2156
7291.0,9125.0,2118
7290.0,9165.0,2116
7288.0,9195.0,2112
7298.0,9206.0,2134
7275.0,9255.0,2089
7236.0,9244.0,2011
7227.0,9213.0,1999
7186.0,9211.0,1925
7164.0,9261.0,1903
7132.0,9290.0,1843
7100.0,9329.0,1790
7082.0,9298.0,1761
7042.0,9276.0,1685
7063.0,9256.0,1724
7034.0,9225.0,1673
7113.0,9511.0,1811
7125.0,9471.0,1832
7175.0,9484.0,1913
7202.0,9556.0,1950
7252.0,9558.0,2046
7250.0,9608.0,2041
7289.0,9640.0,2115
7288.0,9671.0,2113
7286.0,9711.0,2104
7326.0,9713.0,2177
7354.0,9774.0,2228
7383.0,9806.0,2283
7434.0,9798.0,2370
7436.0,9738.0,2373
7478.0,9709.0,2436
7490.0,9669.0,2462
7511.0,9650.0,2495
7562.0,9642.0,2575
7550.0,9682.0,2553
7569.0,9703.0,2591
7600.0,9704.0,2643
7642.0,9656.0,2713
7672.0,9677.0,2766
7659.0,9727.0,2745
7740.0,9731.0,2878
7779.0,9763.0,2940
7808.0,9794.0,2994
7838.0,9806.0,3048
7836.0,9856.0,3043
7835.0,9866.0,3040
7875.0,9878.0,3114
8017.0,9874.0,3337
8019.0,9834.0,3339
8022.0,9763.0,3345
8071.0,9796.0,3427
8112.0,9777.0,3484
8129.0,9849.0,3511
8089.0,9847.0,3453
8077.0,9887.0,3436
8085.0,9928.0,3448
8125.0,9940.0,3503
8157.0,9901.0,3553
8196.0,9943.0,3610
8164.0,9982.0,3561
8142.0,10011.0,3533
8091.0,10019.0,3459
8072.0,9988.0,3428
8044.0,9956.0,3390
8004.0,9924.0,3315
7954.0,9932.0,3238
7914.0,9910.0,3174
7925.0,9890.0,3195
7878.0,9818.0,3123
7854.0,9675.0,3073
7851.0,9736.0,3067
7902.0,9718.0,3154
7924.0,9688.0,3192
7926.0,9648.0,3198
7963.0,9710.0,3249
7952.0,9730.0,3235
7911.0,9758.0,3168
7940.0,9790.0,3224
7918.0,9819.0,3182
7937.0,9851.0,3217
7966.0,9872.0,3257
8031.0,10016.0,3362
8039.0,10067.0,3381
8068.0,10089.0,3419
8087.0,10110.0,3449
8119.0,10081.0,3495
8181.0,10043.0,3590
8212.0,10034.0,3639
8243.0,10016.0,3680
8275.0,9976.0,3736
8298.0,9927.0,3767
8319.0,9887.0,3794
8348.0,9929.0,3833
8359.0,9919.0,3848
8380.0,9900.0,3871
8352.0,9838.0,3838
8403.0,9830.0,3907
8262.0,9814.0,3713
8238.0,9894.0,3672
8192.0,9791.0,3606
8221.0,9822.0,3655
8243.0,9793.0,3679
8250.0,9632.0,3695
8209.0,9650.0,3631
8179.0,9629.0,3587
8147.0,9668.0,3537
8136.0,9697.0,3523
8114.0,9727.0,3487
8085.0,9705.0,3447
8045.0,9683.0,3394
8108.0,9636.0,3481
8049.0,9593.0,3400
8071.0,9563.0,3426
8073.0,9523.0,3430
8030.0,9561.0,3359
7999.0,9580.0,3306
7961.0,9538.0,3246
7932.0,9507.0,3209
7909.0,9566.0,3165
7878.0,9575.0,3122
7857.0,9604.0,3081
7866.0,9625.0,3099
7824.0,9653.0,3024
7797.0,9592.0,2978
7754.0,9650.0,2905
7745.0,9610.0,2885
7686.0,9567.0,2784
7636.0,9564.0,2701
7565.0,9582.0,2581
7494.0,9578.0,2465
7472.0,9618.0,2420
7535.0,9570.0,2534
7519.0,9468.0,2512
7517.0,9519.0,2505
7487.0,9507.0,2455
7449.0,9445.0,2395
7480.0,9436.0,2441
7502.0,9397.0,2475
7524.0,9357.0,2519
7483.0,9356.0,2447
7475.0,9325.0,2426
7569.0,9248.0,2590
7598.0,9270.0,2639
7606.0,9331.0,2651
7658.0,9302.0,2741
7656.0,9333.0,2738
7695.0,9365.0,2803
7693.0,9415.0,2800
7654.0,9393.0,2736
7633.0,9413.0,2694
7634.0,9382.0,2695
7583.0,9380.0,2615
7572.0,9420.0,2597
7600.0,9462.0,2642
7568.0,9491.0,2586
7598.0,9502.0,2640
7577.0,9531.0,2606
7607.0,9533.0,2656
7659.0,9505.0,2744
7691.0,9466.0,2792
7690.0,9486.0,2789
7740.0,9508.0,2877
7748.0,9539.0,2890
7789.0,9531.0,2961
7819.0,9542.0,3015
7851.0,9503.0,3066
7872.0,9494.0,3108
7874.0,9443.0,3113
7814.0,9431.0,3008
7847.0,9371.0,3060
7887.0,9373.0,3133
7879.0,9332.0,3124
7919.0,9334.0,3184
7921.0,9294.0,3188
7862.0,9251.0,3091
7874.0,9211.0,3112
7854.0,9200.0,3072
7803.0,9208.0,2986
7762.0,9226.0,2919
7791.0,9258.0,2965
7810.0,9279.0,2999
7841.0,9280.0,3056
7840.0,9300.0,3053
7818.0,9330.0,3013
7787.0,9338.0,2957
7749.0,9296.0,2894
7708.0,9295.0,2833
7720.0,9265.0,2852
7682.0,9202.0,2778
7654.0,9151.0,2735
7633.0,9170.0,2693
7592.0,9178.0,2629
7563.0,9157.0,2577
7565.0,9116.0,2580
7576.0,9087.0,2604
7590.0,9006.0,2626
7550.0,8984.0,2552
7539.0,9004.0,2538
7508.0,9033.0,2490
7478.0,9012.0,2435
7490.0,8962.0,2461
7512.0,8932.0,2498
7503.0,8912.0,2479
7554.0,8894.0,2562
7649.0,8807.0,2723
7580.0,8763.0,2611
7582.0,8723.0,2614
7573.0,8682.0,2600
7542.0,8701.0,2539
7451.0,8717.0,2397
7481.0,8719.0,2442
7493.0,8679.0,2464
7555.0,8631.0,2566
7556.0,8611.0,2569
7780.0,8590.0,2944
7808.0,8642.0,2993
7840.0,8603.0,3052
7753.0,8508.0,2902
7699.0,8354.0,2813
7781.0,8327.0,2945
7762.0,8296.0,2917
7785.0,8236.0,2951
7784.0,8267.0,2949
7975.0,8295.0,3270
8199.0,8012.0,3614
8442.0,8002.0,3958
8463.0,7983.0,3986
8426.0,7921.0,3933
8455.0,7932.0,3976
8460.0,7821.0,3980
8474.0,7741.0,4004
8475.0,7711.0,4005
8586.0,7725.0,4137
8583.0,7786.0,4132
8582.0,7806.0,4131
8581.0,7836.0,4127
8569.0,7866.0,4118
8548.0,7886.0,4092
8366.0,7655.0,3854
8410.0,7344.0,3915
8371.0,7312.0,3858
8403.0,7273.0,3906
8364.0,7251.0,3852
8395.0,7222.0,3889
8396.0,7202.0,3892
8398.0,7171.0,3895
8427.0,7183.0,3935
8468.0,7174.0,3995
8519.0,7167.0,4062
8521.0,7126.0,4064
8472.0,7084.0,4000
8490.0,6913.0,4023
8530.0,6924.0,4072
8549.0,6956.0,4093
8528.0,6965.0,4071
8477.0,6973.0,4008
8437.0,6971.0,3949
8445.0,7002.0,3962
8449.0,6921.0,3970
8408.0,6929.0,3912
8389.0,6898.0,3879
8380.0,6877.0,3869
8392.0,6848.0,3881
8423.0,6829.0,3928
8435.0,6769.0,3946
8342.0,6815.0,3821
8320.0,6865.0,3795
8318.0,6915.0,3790
8287.0,6924.0,3749
8238.0,6891.0,3669
8219.0,6870.0,3649
8207.0,6900.0,3627
8202.0,7021.0,3620
8171.0,7040.0,3572
8141.0,7039.0,3529
8119.0,7068.0,3493
8089.0,7057.0,3451
8138.0,7099.0,3526
8126.0,7139.0,3504
8166.0,7151.0,3563
8198.0,7112.0,3611
8215.0,7184.0,3642
8245.0,7185.0,3686
8266.0,7166.0,3720
8297.0,7157.0,3764
8289.0,7116.0,3754
8319.0,7117.0,3793
8359.0,7139.0,3847
8347.0,7179.0,3830
8332.0,7280.0,3812
8313.0,7259.0,3785
8272.0,7277.0,3730
8260.0,7307.0,3708
8219.0,7335.0,3650
8200.0,7304.0,3616
8160.0,7292.0,3558
8148.0,7322.0,3539
8127.0,7352.0,3507
8115.0,7392.0,3488
8104.0,7421.0,3476
8092.0,7451.0,3462
8061.0,7480.0,3409
8029.0,7519.0,3356
8047.0,7571.0,3395
8045.0,7601.0,3392
8006.0,7569.0,3318
7976.0,7578.0,3272
7936.0,7566.0,3215
7947.0,7526.0,3228
7919.0,7484.0,3183
7890.0,7463.0,3137
7921.0,7444.0,3187
7961.0,7456.0,3245
7972.0,7416.0,3266
7983.0,7396.0,3278
8034.0,7398.0,3370
8026.0,7347.0,3348
7986.0,7335.0,3286
7998.0,7285.0,3303
8010.0,7256.0,3326
7990.0,7245.0,3291
7940.0,7232.0,3223
7938.0,7283.0,3219
7925.0,7353.0,3193
7914.0,7373.0,3173
7913.0,7393.0,3171
7892.0,7402.0,3141
7860.0,7441.0,3085
7789.0,7458.0,2959
7739.0,7446.0,2876
7719.0,7425.0,2849
7731.0,7395.0,2867
7732.0,7365.0,2868
7774.0,7336.0,2937
7802.0,7378.0,2985
7857.0,7279.0,3080
7869.0,7229.0,3103
7973.0,7183.0,3268
7983.0,7163.0,3277
8024.0,7155.0,3346
8044.0,7166.0,3388
8033.0,7196.0,3365
8055.0,7136.0,3404
8066.0,7116.0,3415
8028.0,7074.0,3354
7986.0,7103.0,3285
7934.0,7131.0,3210
7927.0,7060.0,3199
7897.0,7069.0,3148
7893.0,6927.0,3143
7923.0,6928.0,3189
7974.0,6920.0,3269
7993.0,6941.0,3295
8002.0,6962.0,3312
7951.0,6990.0,3231
7931.0,6969.0,3205
7859.0,6996.0,3082
7709.0,6959.0,2834
7719.0,6980.0,2848
7769.0,6972.0,2925
7758.0,7002.0,2910
7712.0,7121.0,2838
7813.0,7126.0,3005
7773.0,7114.0,2936
7770.0,7184.0,2927
7739.0,7213.0,2875
7730.0,7183.0,2865
7700.0,7181.0,2816
7669.0,7180.0,2762
7640.0,7148.0,2710
7642.0,7118.0,2712
7602.0,7106.0,2646
7614.0,7056.0,2662
7594.0,7045.0,2631
7544.0,7033.0,2542
7533.0,7073.0,2532
7503.0,7062.0,2476
7483.0,7040.0,2446
7485.0,7000.0,2451
7526.0,6992.0,2521
7508.0,6951.0,2489
7519.0,6911.0,2509
7489.0,6919.0,2456
7467.0,6949.0,2414
7436.0,6958.0,2372
7437.0,6937.0,2374
7397.0,6925.0,2302
7367.0,6924.0,2247
7379.0,6894.0,2272
7360.0,6863.0,2239
7380.0,6864.0,2275
7411.0,6855.0,2330
7462.0,6837.0,2408
7471.0,6858.0,2418
7502.0,6839.0,2474
7493.0,6818.0,2463
7524.0,6810.0,2517
7564.0,6811.0,2578
7545.0,6780.0,2544
7546.0,6760.0,2546
7587.0,6762.0,2619
7617.0,6763.0,2667
7630.0,6693.0,2687
7640.0,6704.0,2709
7689.0,6726.0,2787
7719.0,6737.0,2847
7739.0,6748.0,2874
7737.0,6779.0,2871
7726.0,6808.0,2863
7723.0,6869.0,2858
7741.0,6930.0,2880
7772.0,6922.0,2933
7791.0,6943.0,2964
7820.0,6964.0,3018
7832.0,6924.0,3034
7843.0,6905.0,3057
7835.0,6864.0,3038
7794.0,6872.0,2969
7796.0,6832.0,2974
7799.0,6761.0,2980
7810.0,6741.0,2997
7851.0,6733.0,3063
7852.0,6703.0,3069
7863.0,6683.0,3093
7865.0,6643.0,3096
7905.0,6644.0,3158
7906.0,6624.0,3160
7897.0,6604.0,3147
7918.0,6584.0,3179
7877.0,6582.0,3117
7867.0,6592.0,3101
7826.0,6611.0,3027
7795.0,6619.0,2973
7804.0,6650.0,2988
7762.0,6668.0,2916
7741.0,6708.0,2879
7691.0,6686.0,2791
7708.0,6757.0,2832
7667.0,6765.0,2759
7687.0,6786.0,2785
7665.0,6816.0,2755
7684.0,6847.0,2780
7630.0,6915.0,2688
7660.0,6937.0,2748
7671.0,6907.0,2764
7652.0,6886.0,2728
7613.0,6854.0,2661
7592.0,6873.0,2627
7590.0,6904.0,2625
7580.0,6913.0,2610
7588.0,6964.0,2622
7607.0,6985.0,2653
7637.0,7007.0,2703
7677.0,6998.0,2771
7676.0,7029.0,2768
7685.0,7059.0,2781
7725.0,7061.0,2860
7756.0,7052.0,2909
7817.0,7045.0,3011
7837.0,7036.0,3044
7856.0,7067.0,3077
7865.0,7108.0,3097
7862.0,7158.0,3089
7830.0,7197.0,3031
7810.0,7206.0,2998
7798.0,7236.0,2979
7766.0,7275.0,2921
7725.0,7294.0,2861
7696.0,7262.0,2804
7675.0,7291.0,2767
7693.0,7333.0,2795
7632.0,7350.0,2689
7582.0,7318.0,2613
7561.0,7357.0,2574
7589.0,7389.0,2624
7587.0,7439.0,2620
7607.0,7460.0,2654
7648.0,7432.0,2722
7668.0,7453.0,2761
7646.0,7482.0,2718
7654.0,7523.0,2733
7696.0,7505.0,2805
7694.0,7545.0,2801
7700.0,7626.0,2817
7650.0,7614.0,2724
7639.0,7654.0,2706
7732.0,7840.0,2869
7753.0,7821.0,2900
7753.0,7800.0,2899
7794.0,7802.0,2970
7853.0,7845.0,3070
7812.0,7853.0,3003
7770.0,7882.0,2929
7707.0,7950.0,2830
7677.0,7928.0,2772
7698.0,7909.0,2810
7680.0,7858.0,2774
7639.0,7886.0,2707
7638.0,7896.0,2704
7626.0,7936.0,2678
7520.0,8043.0,2513
7532.0,8013.0,2531
7552.0,8024.0,2557
7593.0,8006.0,2630
7633.0,8007.0,2692
7680.0,8100.0,2775
7646.0,8170.0,2719
7626.0,8169.0,2679
7546.0,8145.0,2547
7515.0,8164.0,2503
7485.0,8153.0,2452
7444.0,8181.0,2387
7450.0,8262.0,2396
7393.0,8411.0,2298
7254.0,8365.0,2048
7187.0,8261.0,1926
7228.0,8263.0,2000
7330.0,8227.0,2184
7330.0,8247.0,2185
7380.0,8259.0,2276
7401.0,8230.0,2315
7382.0,8209.0,2281
7384.0,8158.0,2285
7416.0,8129.0,2338
7448.0,8080.0,2393
7478.0,8082.0,2434
7528.0,8094.0,2523
7569.0,8096.0,2589
7600.0,8077.0,2641
7618.0,8118.0,2670
7639.0,8099.0,2708
7659.0,8120.0,2742
7678.0,8151.0,2773
7749.0,8144.0,2893
7736.0,8194.0,2870
7715.0,8213.0,2842
7685.0,8212.0,2782
7664.0,8221.0,2753
7653.0,8241.0,2731
7692.0,8273.0,2793
7702.0,8293.0,2822
7661.0,8302.0,2749
7659.0,8342.0,2743
7628.0,8361.0,2683
7619.0,8330.0,2672
7581.0,8278.0,2612
7602.0,8259.0,2647
7604.0,8218.0,2648
7574.0,8197.0,2602
7545.0,8186.0,2545
7543.0,8226.0,2541
7503.0,8214.0,2478
7501.0,8254.0,2473
7530.0,8286.0,2525
7499.0,8315.0,2469
7518.0,8336.0,2507
7566.0,8379.0,2582
7585.0,8420.0,2618
7552.0,8469.0,2558
7573.0,8460.0,2599
7611.0,8522.0,2658
7579.0,8551.0,2609
7530.0,8529.0,2526
7509.0,8538.0,2492
7487.0,8567.0,2454
7426.0,8595.0,2358
7465.0,8617.0,2411
7433.0,8656.0,2368
7393.0,8644.0,2299
7355.0,8602.0,2231
7316.0,8570.0,2161
7288.0,8508.0,2110
7339.0,8500.0,2194
7409.0,8503.0,2325
7411.0,8463.0,2331
7423.0,8433.0,2352
7462.0,8455.0,2409
7504.0,8426.0,2482
7474.0,8405.0,2422
7466.0,8364.0,2413
7426.0,8362.0,2357
7438.0,8312.0,2376
7398.0,8311.0,2307
7357.0,8309.0,2234
7336.0,8328.0,2190
7355.0,8359.0,2230
7323.0,8388.0,2171
7323.0,8408.0,2172
7301.0,8448.0,2140
7282.0,8417.0,2097
7241.0,8425.0,2020
7201.0,8413.0,1946
7180.0,8432.0,1920
7160.0,8432.0,1895
7158.0,8472.0,1890
7188.0,8473.0,1929
7198.0,8494.0,1940
7217.0,8515.0,1985
7237.0,8506.0,2012
7246.0,8536.0,2030
7255.0,8557.0,2053
7214.0,8575.0,1979
7034.0,8537.0,1672
6955.0,8493.0,1540
6943.0,8523.0,1522
6892.0,8541.0,1430
6864.0,8499.0,1390
6843.0,8519.0,1347
6844.0,8478.0,1350
6783.0,8486.0,1247
6797.0,8396.0,1269
6700.0,8310.0,1109
6836.0,8215.0,1336
6846.0,8216.0,1355
6827.0,8174.0,1316
6829.0,8124.0,1322
6800.0,8113.0,1274
6759.0,8121.0,1212
6667.0,8147.0,1059
6607.0,8134.0,964
6608.0,8104.0,967
6550.0,8051.0,861
6538.0,8091.0,846
6546.0,8142.0,856
6554.0,8173.0,867
6532.0,8212.0,840
6282.0,7463.0,460
6283.0,7433.0,462
6373.0,7467.0,591
6411.0,7519.0,654
6453.0,7491.0,712
6492.0,7513.0,770
6544.0,7485.0,854
6565.0,7465.0,882
6515.0,7453.0,809
6477.0,7401.0,746
6415.0,7418.0,660
6450.0,7561.0,707
6458.0,7612.0,723
6488.0,7614.0,765
6507.0,7645.0,791
6528.0,7626.0,829
6530.0,7575.0,835
6590.0,7578.0,934
6622.0,7549.0,993
6654.0,7510.0,1038
6674.0,7521.0,1074
6694.0,7511.0,1104
6745.0,7504.0,1184
6737.0,7473.0,1171
6777.0,7485.0,1237
6817.0,7476.0,1302
6858.0,7478.0,1383
6898.0,7470.0,1445
6939.0,7472.0,1515
6920.0,7430.0,1485
6881.0,7408.0,1408
6923.0,7380.0,1494
6769.0,7434.0,1227
6790.0,7415.0,1259
6799.0,7435.0,1271
6830.0,7416.0,1325
6843.0,7356.0,1345
6794.0,7324.0,1266
6783.0,7343.0,1244
6733.0,7331.0,1163
6691.0,7370.0,1097
6677.0,7440.0,1079
6638.0,7408.0,1018
6620.0,7367.0,988
6588.0,7396.0,931
6608.0,7417.0,966
6616.0,7458.0,978
6573.0,7516.0,903
6657.0,7682.0,1043
6665.0,7712.0,1056
6744.0,8009.0,1183
6770.0,7869.0,1229
6870.0,7671.0,1397
6765.0,7282.0,1222
6736.0,7261.0,1169
6727.0,7240.0,1153
6718.0,7209.0,1137
6749.0,7190.0,1191
6769.0,7191.0,1226
6791.0,7162.0,1262
6812.0,7132.0,1297
6751.0,7140.0,1195
6752.0,7110.0,1198
6764.0,7080.0,1219
6806.0,7051.0,1286
6827.0,7032.0,1315
6856.0,7064.0,1377
6875.0,7085.0,1401
6931.0,7178.0,1503
6920.0,7208.0,1484
6949.0,7229.0,1530
6999.0,7242.0,1606
7030.0,7243.0,1663
7031.0,7223.0,1666
7023.0,7172.0,1652
6992.0,7191.0,1592
6974.0,7129.0,1565
7004.0,7141.0,1613
7035.0,7132.0,1674
7084.0,7154.0,1764
7104.0,7165.0,1798
7124.0,7156.0,1831
7136.0,7116.0,1850
7158.0,7077.0,1889
7140.0,7025.0,1861
7132.0,6985.0,1842
7102.0,6983.0,1793
7081.0,6993.0,1758
7090.0,7013.0,1776
7048.0,7062.0,1694
7114.0,6933.0,1812
7146.0,6894.0,1869
7177.0,6886.0,1916
7207.0,6877.0,1961
7236.0,6908.0,2009
7239.0,6838.0,2014
7211.0,6796.0,1970
7181.0,6785.0,1922
7142.0,6753.0,1863
7111.0,6761.0,1807
7092.0,6740.0,1778
7061.0,6759.0,1721
7040.0,6778.0,1681
7031.0,6748.0,1665
6989.0,6776.0,1586
6966.0,6846.0,1553
6946.0,6855.0,1525
6915.0,6854.0,1475
6913.0,6914.0,1470
6942.0,6926.0,1520
6961.0,6957.0,1548
6982.0,6948.0,1577
7012.0,6949.0,1630
7032.0,6970.0,1668
7053.0,6931.0,1703
7065.0,6891.0,1726
7077.0,6861.0,1749
7078.0,6831.0,1753
7107.0,6862.0,1801
7127.0,6863.0,1835
7149.0,6834.0,1873
7129.0,6813.0,1836
7100.0,6791.0,1789
7124.0,6711.0,1830
7115.0,6671.0,1815
7096.0,6660.0,1783
7085.0,6679.0,1766
7075.0,6669.0,1745
7117.0,6640.0,1818
7137.0,6631.0,1853
7147.0,6642.0,1872
7139.0,6601.0,1859
7159.0,6592.0,1892
7161.0,6551.0,1896
7121.0,6549.0,1824
7080.0,6548.0,1756
7089.0,6578.0,1773
7108.0,6610.0,1803
7057.0,6617.0,1711
7038.0,6586.0,1677
7016.0,6626.0,1639
7014.0,6666.0,1635
7013.0,6696.0,1632
6953.0,6674.0,1536
6922.0,6692.0,1492
6901.0,6722.0,1452
6889.0,6762.0,1422
6860.0,6740.0,1385
6828.0,6769.0,1317
6857.0,6801.0,1380
6856.0,6831.0,1376
6873.0,6903.0,1399
6891.0,6954.0,1426
6899.0,6985.0,1446
6918.0,7026.0,1481
6988.0,7039.0,1584
6987.0,7059.0,1582
6989.0,7019.0,1587
6980.0,6988.0,1572
7025.0,6889.0,1655
7015.0,6878.0,1637
7164.0,6723.0,1901
7227.0,6665.0,1997
7218.0,6645.0,1987
7197.0,6664.0,1935
7206.0,6675.0,1960
7216.0,6685.0,1982
7225.0,6706.0,1993
7234.0,6736.0,2005
7255.0,6717.0,2052
7298.0,6658.0,2133
7328.0,6660.0,2180
7320.0,6619.0,2166
7280.0,6597.0,2094
7270.0,6607.0,2075
7251.0,6585.0,2043
7242.0,6545.0,2021
7265.0,6495.0,2065
7224.0,6493.0,1991
7205.0,6462.0,1954
7226.0,6443.0,1995
7218.0,6402.0,1986
7268.0,6424.0,2071
7288.0,6415.0,2109
7338.0,6438.0,2193
7336.0,6488.0,2189
7293.0,6537.0,2120
7332.0,6569.0,2186
7372.0,6591.0,2257
7391.0,6612.0,2295
7400.0,6632.0,2313
7380.0,6632.0,2274
7379.0,6652.0,2271
7368.0,6682.0,2251
7377.0,6702.0,2267
7376.0,6722.0,2263
7356.0,6721.0,2232
7306.0,6709.0,2146
7314.0,6750.0,2160
7282.0,6799.0,2096
7319.0,6861.0,2164
7321.0,6831.0,2167
7322.0,6811.0,2169
7323.0,6781.0,2170
7343.0,6771.0,2201
7384.0,6763.0,2284
7423.0,6795.0,2349
7475.0,6777.0,2424
7446.0,6736.0,2390
7427.0,6714.0,2359
7418.0,6694.0,2343
7429.0,6664.0,2363
7440.0,6644.0,2381
7462.0,6615.0,2407
7442.0,6594.0,2383
7413.0,6572.0,2335
7394.0,6541.0,2300
7425.0,6522.0,2355
7406.0,6501.0,2323
7387.0,6480.0,2289
7367.0,6469.0,2246
7399.0,6430.0,2309
7421.0,6391.0,2345
7400.0,6400.0,2312
7372.0,6358.0,2256
7363.0,6317.0,2241
7354.0,6297.0,2226
7324.0,6285.0,2174
7312.0,6335.0,2154
7273.0,6303.0,2082
7251.0,6353.0,2042
7231.0,6332.0,2003
7171.0,6319.0,1906
7140.0,6328.0,1860
7132.0,6297.0,1841
7154.0,6248.0,1881
7175.0,6228.0,1911
7214.0,6270.0,1978
7244.0,6282.0,2027
7264.0,6273.0,2063
7265.0,6242.0,2064
7226.0,6231.0,1994
7206.0,6209.0,1959
7188.0,6168.0,1928
7157.0,6187.0,1888
7135.0,6216.0,1848
7094.0,6235.0,1780
7054.0,6223.0,1706
7101.0,6306.0,1792
7077.0,6386.0,1748
7147.0,6399.0,1871
7176.0,6451.0,1914
7143.0,6500.0,1867
7084.0,6467.0,1763
7061.0,6517.0,1720
7423.0,6340.0,2348
7434.0,6310.0,2369
7535.0,6315.0,2533
7547.0,6285.0,2549
7577.0,6276.0,2605
7598.0,6257.0,2638
7628.0,6268.0,2682
7629.0,6248.0,2684
7660.0,6229.0,2746
7607.0,6288.0,2652
7616.0,6318.0,2666
7605.0,6338.0,2650
7635.0,6339.0,2697
7630.0,6450.0,2686
7553.0,6376.0,2560
7531.0,6416.0,2528
7501.0,6394.0,2472
7469.0,6433.0,2417
7478.0,6474.0,2432
7447.0,6483.0,2392
7466.0,6504.0,2412
7485.0,6545.0,2450
7483.0,6575.0,2445
7504.0,6576.0,2480
7512.0,6607.0,2496
7531.0,6638.0,2529
7490.0,6667.0,2459
7479.0,6686.0,2438
7508.0,6708.0,2488
7558.0,6710.0,2572
7615.0,6793.0,2663
7551.0,6872.0,2556
7480.0,6889.0,2440
7326.0,6943.0,2176
7297.0,7133.0,2130
7247.0,7121.0,2033
7215.0,7160.0,1980
7176.0,7128.0,1915
7163.0,7198.0,1899
7123.0,7197.0,1829
7151.0,7238.0,1877
7170.0,7269.0,1905
7129.0,7278.0,1837
7119.0,7287.0,1823
7107.0,7317.0,1802
7059.0,7275.0,1715
7071.0,7225.0,1738
7213.0,7211.0,1977
7252.0,7243.0,2044
7263.0,7233.0,2062
7283.0,7224.0,2098
7293.0,7244.0,2122
7271.0,7264.0,2078
7250.0,7283.0,2037
7230.0,7282.0,2002
7249.0,7323.0,2035
7269.0,7314.0,2072
7258.0,7344.0,2055
7227.0,7353.0,1998
7197.0,7351.0,1936
7155.0,7380.0,1884
7177.0,7351.0,1917
7198.0,7321.0,1938
7266.0,7395.0,2068
7285.0,7416.0,2102
7274.0,7446.0,2085
7212.0,7473.0,1972
7307.0,7376.0,2148
7310.0,7306.0,2151
7332.0,7276.0,2188
7353.0,7247.0,2224
7441.0,7312.0,2382
7464.0,7252.0,2410
7484.0,7263.0,2449
7524.0,7265.0,2518
7556.0,7236.0,2568
7568.0,7196.0,2585
7625.0,7269.0,2676
7657.0,7240.0,2739
7617.0,7228.0,2668
7527.0,7194.0,2522
7476.0,7212.0,2427
7467.0,7181.0,2415
7490.0,7112.0,2460
7489.0,7142.0,2457
7519.0,7153.0,2510
7569.0,7155.0,2588
7419.0,7129.0,2344
7310.0,7083.0,2150
7332.0,7044.0,2187
7250.0,7071.0,2036
7209.0,7069.0,1964
7221.0,7039.0,1990
7213.0,6988.0,1976
7134.0,6944.0,1845
7175.0,6936.0,1912
7205.0,6937.0,1955
7235.0,6939.0,2007
7265.0,6950.0,2066
7254.0,6980.0,2047
7272.0,7021.0,2081
7293.0,6992.0,2121
7324.0,6993.0,2175
7364.0,7005.0,2243
7405.0,6976.0,2322
7454.0,7029.0,2401
7423.0,7038.0,2350
7381.0,7066.0,2279
7390.0,7087.0,2291
7360.0,7096.0,2240
7379.0,7127.0,2273
7387.0,7168.0,2290
7395.0,7208.0,2301
7414.0,7240.0,2337
7412.0,7280.0,2332
7381.0,7299.0,2280
7350.0,7318.0,2216
7349.0,7348.0,2211
7378.0,7369.0,2269
7357.0,7389.0,2233
7344.0,7449.0,2202
7311.0,7508.0,2152
7352.0,7500.0,2220
7454.0,7484.0,2402
7435.0,7463.0,2371
7404.0,7462.0,2319
7406.0,7431.0,2324
7428.0,7392.0,2362
7507.0,7416.0,2486
7476.0,7444.0,2428
7515.0,7466.0,2502
7555.0,7488.0,2565
7574.0,7520.0,2601
7512.0,7537.0,2497
7427.0,7634.0,2360
7478.0,7627.0,2433
7479.0,7596.0,2439
7439.0,7584.0,2379
7442.0,7534.0,2384
7421.0,7543.0,2346
7370.0,7551.0,2254
7328.0,7600.0,2181
7287.0,7598.0,2107
7202.0,7705.0,1949
7242.0,7717.0,2022
7233.0,7687.0,2004
7224.0,7656.0,1992
7156.0,7592.0,1885
7154.0,7643.0,1882
7114.0,7631.0,1813
7053.0,7638.0,1704
7064.0,7609.0,1725
7077.0,7538.0,1750
6967.0,7513.0,1555
6986.0,7555.0,1581
7016.0,7566.0,1640
7027.0,7526.0,1661
7008.0,7505.0,1618
7010.0,7455.0,1624
6972.0,7412.0,1561
6954.0,7361.0,1538
6975.0,7342.0,1566
6934.0,7340.0,1505
6894.0,7348.0,1435
6855.0,7316.0,1374
6835.0,7305.0,1332
6806.0,7274.0,1287
6808.0,7223.0,1291
6809.0,7203.0,1292
6611.0,7336.0,970
6663.0,7308.0,1051
6684.0,7299.0,1088
6664.0,7278.0,1053
6625.0,7256.0,999
6574.0,7253.0,906
6577.0,7203.0,911
6541.0,7090.0,850
6512.0,7069.0,800
6513.0,7028.0,801
6514.0,7008.0,805
6535.0,6989.0,843
6638.0,6963.0,1017
6667.0,6995.0,1058
6716.0,7017.0,1132
6746.0,7018.0,1186
6757.0,6999.0,1208
6738.0,6967.0,1173
6740.0,6937.0,1178
6731.0,6906.0,1160
6681.0,6894.0,1085
6600.0,6901.0,952
6620.0,6912.0,986
6591.0,6880.0,938
6621.0,6881.0,990
6644.0,6812.0,1028
6623.0,6841.0,996
6642.0,6852.0,1024
6663.0,6843.0,1050
6695.0,6804.0,1105
6675.0,6793.0,1076
6646.0,6761.0,1031
6657.0,6742.0,1042
6617.0,6730.0,981
6587.0,6728.0,929
6566.0,6748.0,887
6563.0,6808.0,881
6532.0,6827.0,839
6511.0,6846.0,797
6481.0,6855.0,752
6471.0,6835.0,739
6452.0,6813.0,710
6432.0,6802.0,678
6411.0,6822.0,653
6392.0,6791.0,617
6414.0,6751.0,656
6406.0,6720.0,642
6356.0,6688.0,562
6325.0,6717.0,520
6313.0,6757.0,495
6323.0,6757.0,515
6342.0,6778.0,545
6351.0,6819.0,554
6300.0,6817.0,488
6291.0,6786.0,475
6241.0,6774.0,402
6182.0,6751.0,332
6201.0,6782.0,353
6180.0,6802.0,328
6160.0,6791.0,307
6041.0,6735.0,205
6071.0,6736.0,223
6029.0,6785.0,196
5978.0,6783.0,164
5977.0,6803.0,163
5956.0,6832.0,146
5986.0,6844.0,171
5895.0,6840.0,112
5863.0,6869.0,95
5893.0,6880.0,111
5913.0,6891.0,128
5902.0,6911.0,118
5911.0,6941.0,126
5990.0,6975.0,174
6019.0,7007.0,189
6009.0,6996.0,180
6020.0,6977.0,190
6052.0,6938.0,211
6023.0,6906.0,191
6012.0,6926.0,183
5973.0,6894.0,159
5962.0,6923.0,151
5981.0,6945.0,167
5961.0,6944.0,150
5940.0,6953.0,136
5939.0,6983.0,134
5908.0,7002.0,123
5906.0,7042.0,121
5947.0,7034.0,142
5968.0,7025.0,158
5997.0,7036.0,177
5984.0,7117.0,170
5965.0,7095.0,156
5986.0,7076.0,172
6036.0,7078.0,202
6076.0,7090.0,227
6097.0,7071.0,244
6106.0,7102.0,249
6136.0,7103.0,278
6147.0,7073.0,292
6169.0,7034.0,315
6199.0,7055.0,351
6239.0,7057.0,398
6270.0,7038.0,439
6251.0,7017.0,417
6262.0,6997.0,430
6292.0,6999.0,477
6239.0,6834.0,397
6208.0,6853.0,361
6211.0,7005.0,366
6311.0,7040.0,493
6355.0,6961.0,561
6465.0,6986.0,731
6397.0,6912.0,627
6377.0,6921.0,596
6368.0,6891.0,583
6317.0,6888.0,501
6276.0,6907.0,448
6234.0,6935.0,392
6213.0,6955.0,369
6193.0,6964.0,346
6172.0,6973.0,317
6131.0,6991.0,273
6110.0,7011.0,252
6070.0,6999.0,222
6081.0,6969.0,234
6102.0,6950.0,246
6133.0,6951.0,274
6135.0,6901.0,276
6185.0,6903.0,335
6166.0,6892.0,312
6177.0,6862.0,325
6148.0,6841.0,293
6127.0,6850.0,271
6086.0,6868.0,237
6046.0,6856.0,210
6068.0,6817.0,221
6098.0,6808.0,245
6090.0,6777.0,241
6121.0,6759.0,264
6123.0,6708.0,267
6154.0,6689.0,299
6215.0,6692.0,371
6234.0,6723.0,391
6274.0,6715.0,446
6286.0,6675.0,467
6256.0,6663.0,423
6258.0,6623.0,426
6218.0,6621.0,377
6196.0,6651.0,348
6147.0,6628.0,291
6117.0,6607.0,260
6116.0,6637.0,258
6115.0,6667.0,257
6074.0,6666.0,224
6065.0,6645.0,220
6076.0,6615.0,226
6026.0,6603.0,194
6019.0,6552.0,188
6060.0,6523.0,216
6041.0,6502.0,204
6062.0,6483.0,217
6042.0,6472.0,207
6063.0,6453.0,218
6093.0,6474.0,242
6017.0,6360.0,186
6010.0,6289.0,181
6204.0,6247.0,356
6123.0,6253.0,266
6126.0,6172.0,270
6087.0,6150.0,238
6088.0,6130.0,239
6078.0,6110.0,231
6109.0,6091.0,251
6111.0,6050.0,253
6172.0,6053.0,316
6142.0,6042.0,283
6141.0,6072.0,280
6159.0,6113.0,306
6207.0,6166.0,360
6249.0,6137.0,411
6339.0,6151.0,538
6317.0,6191.0,500
6326.0,6222.0,521
6324.0,6262.0,518
6365.0,6254.0,580
6395.0,6275.0,621
6456.0,6268.0,717
6427.0,6236.0,671
6407.0,6225.0,643
6419.0,6175.0,664
6378.0,6183.0,598
6380.0,6153.0,599
6392.0,6113.0,615
6392.0,6093.0,614
6433.0,6095.0,679
6431.0,6135.0,674
6471.0,6137.0,738
6493.0,6108.0,771
6512.0,6129.0,799
6523.0,6109.0,821
6514.0,6088.0,803
6510.0,6169.0,793
6479.0,6188.0,748
6608.0,6244.0,965
6617.0,6275.0,980
6596.0,6304.0,940
6636.0,6306.0,1013
6635.0,6326.0,1010
6645.0,6326.0,1030
6644.0,6357.0,1027
6583.0,6354.0,923
6543.0,6352.0,853
6541.0,6393.0,849
6510.0,6422.0,794
6519.0,6442.0,816
6497.0,6472.0,777
6467.0,6470.0,735
6458.0,6450.0,722
6439.0,6419.0,688
6441.0,6368.0,692
6491.0,6380.0,769
6591.0,6405.0,937
6688.0,6278.0,1091
6727.0,6300.0,1152
6725.0,6350.0,1150
6712.0,6410.0,1125
6651.0,6428.0,1034
6668.0,6489.0,1061
6670.0,6459.0,1066
6720.0,6471.0,1140
6731.0,6452.0,1159
6760.0,6473.0,1213
6739.0,6502.0,1175
6737.0,6543.0,1170
6716.0,6562.0,1131
6685.0,6581.0,1089
6615.0,6548.0,977
6613.0,6598.0,973
6601.0,6638.0,954
6599.0,6678.0,948
6559.0,6687.0,875
6540.0,6656.0,847
6542.0,6605.0,852
6553.0,6575.0,865
6584.0,6566.0,926
6566.0,6525.0,886
6607.0,6497.0,963
6558.0,6464.0,873
6599.0,6456.0,947
6600.0,6436.0,951
6570.0,6434.0,897
6370.0,6365.0,586
6319.0,6383.0,506
6289.0,6382.0,473
6281.0,6341.0,459
6321.0,6333.0,512
6352.0,6324.0,555
6381.0,6345.0,605
6392.0,6326.0,616
6424.0,6307.0,667
6454.0,6308.0,713
6484.0,6309.0,758
6525.0,6291.0,822
6528.0,6240.0,828
6579.0,6212.0,916
6567.0,6252.0,890
6560.0,6191.0,877
6582.0,6162.0,922
6602.0,6153.0,955
6622.0,6164.0,992
6630.0,6205.0,1005
6670.0,6216.0,1065
6682.0,6176.0,1086
6704.0,6137.0,1111
6715.0,6117.0,1129
6705.0,6107.0,1115
6706.0,6087.0,1117
6677.0,6065.0,1078
6678.0,6035.0,1081
6689.0,6005.0,1093
6669.0,6004.0,1062
6637.0,6043.0,1015
6618.0,6012.0,984
6609.0,5991.0,968
6578.0,6020.0,913
6548.0,6009.0,858
6528.0,5998.0,827
6815.0,5899.0,1299
6827.0,5859.0,1313
6778.0,5837.0,1239
6755.0,5886.0,1204
6725.0,5895.0,1149
6713.0,5935.0,1127
6732.0,5956.0,1161
6764.0,5927.0,1217
6792.0,5979.0,1264
6790.0,6009.0,1258
6789.0,6040.0,1257
6788.0,6060.0,1255
6738.0,6058.0,1172
6718.0,6037.0,1136
6615.0,6083.0,976
6644.0,6124.0,1026
6555.0,6070.0,870
6496.0,6047.0,775
6496.0,6037.0,774
6456.0,6035.0,716
6447.0,6004.0,703
6408.0,5972.0,647
6439.0,5954.0,687
6460.0,5924.0,726
6503.0,5886.0,786
6415.0,5811.0,658
6393.0,5850.0,618
6432.0,5882.0,677
6443.0,5863.0,699
6465.0,5823.0,730
6484.0,5844.0,757
6597.0,5809.0,944
6589.0,5758.0,932
6559.0,5757.0,874
6529.0,5735.0,831
6529.0,5755.0,832
6517.0,5795.0,812
6536.0,5806.0,845
6555.0,5847.0,869
6573.0,5889.0,901
6581.0,5950.0,919
6551.0,5928.0,862
6532.0,5907.0,838
6511.0,5936.0,796
6520.0,5957.0,818
6549.0,5979.0,860
6499.0,5976.0,780
6404.0,6053.0,638
6354.0,6041.0,560
6346.0,5990.0,549
6338.0,5949.0,535
6317.0,5968.0,499
6256.0,5966.0,422
6267.0,5946.0,437
6259.0,5915.0,428
6300.0,5887.0,487
6320.0,5898.0,507
6339.0,5919.0,537
6381.0,5900.0,604
6360.0,5900.0,573
6342.0,5868.0,543
6353.0,5829.0,557
6289.0,5684.0,472
6278.0,5694.0,454
6249.0,5672.0,410
6159.0,5648.0,305
6199.0,5670.0,350
6217.0,5701.0,373
6176.0,5730.0,321
6146.0,5708.0,288
6114.0,5767.0,255
6134.0,5758.0,275
6153.0,5800.0,298
6184.0,5781.0,334
6213.0,5802.0,368
6234.0,5793.0,390
6233.0,5803.0,388
6272.0,5835.0,442
6241.0,5854.0,401
6210.0,5863.0,364
6190.0,5862.0,341
6181.0,5841.0,329
6151.0,5840.0,297
6120.0,5859.0,262
5945.0,5922.0,139
5982.0,6004.0,168
5984.0,5964.0,169
6004.0,5965.0,179
6065.0,5957.0,219
6046.0,5916.0,209
6025.0,5935.0,193
5997.0,5884.0,176
5977.0,5873.0,162
5989.0,5833.0,173
6019.0,5854.0,187
6041.0,5805.0,203
6082.0,5796.0,235
6081.0,5817.0,233
6080.0,5847.0,232
6078.0,5887.0,230
6108.0,5899.0,250
6126.0,5940.0,269
6147.0,5931.0,290
6176.0,5962.0,322
6155.0,5982.0,301
6114.0,5990.0,256
6094.0,5989.0,243
6042.0,6017.0,206
6060.0,6058.0,215
6031.0,6047.0,197
5998.0,6096.0,178
6028.0,6107.0,195
6016.0,6147.0,185
6015.0,6178.0,184
6035.0,6168.0,201
6045.0,6179.0,208
6054.0,6200.0,212
6034.0,6209.0,200
6033.0,6229.0,199
6031.0,6259.0,198
5991.0,6247.0,175
5898.0,6304.0,115
5897.0,6324.0,114
5876.0,6333.0,102
5805.0,6350.0,62
5817.0,6311.0,67
5850.0,6251.0,87
5838.0,6281.0,78
5859.0,6272.0,91
5890.0,6253.0,107
5910.0,6264.0,125
5896.0,6122.0,113
6158.0,5901.0,303
6219.0,5903.0,379
6217.0,5944.0,374
6215.0,5984.0,370
6275.0,5997.0,447
6294.0,6038.0,479
6263.0,6057.0,433
6253.0,6047.0,419
6292.0,6089.0,476
6299.0,6150.0,485
6288.0,6169.0,470
6277.0,6199.0,449
6266.0,6219.0,435
6245.0,6218.0,404
6254.0,6249.0,421
6253.0,6279.0,420
6212.0,6297.0,367
6190.0,6327.0,342
6150.0,6325.0,295
6139.0,6335.0,279
6141.0,6304.0,281
6161.0,6295.0,308
6111.0,6293.0,254
6089.0,6322.0,240
6058.0,6351.0,214
6077.0,6372.0,228
6076.0,6403.0,225
6085.0,6423.0,236
6105.0,6424.0,247
6106.0,6394.0,248
6055.0,6422.0,213
5912.0,6456.0,127
5900.0,6496.0,116
5860.0,6484.0,93
5847.0,6544.0,84
5806.0,6563.0,63
5825.0,6594.0,73
6011.0,6723.0,182
5981.0,6712.0,166
5980.0,6742.0,165
5908.0,6759.0,122
5890.0,6718.0,108
5879.0,6738.0,104
5878.0,6768.0,103
5846.0,6807.0,83
5804.0,6836.0,61
5822.0,6877.0,72
5879.0,6970.0,105
5639.0,6909.0,1
